0
0.002
502
30000
1.03487,183.14,81280.9,0.552292
1.03488,183.326,81280.9,0.552855
1.0336,183.77,81137.1,0.554341
1.03348,184.21,81115.1,0.555713
1.03215,184.623,80977.7,0.557071
1.03201,185.026,80951.9,0.558336
1.03047,185.44,80793.3,0.559721
1.03066,185.932,80801.3,0.561228
1.02904,186.304,80635.6,0.562483
1.02911,186.787,80631.5,0.563975
1.02758,187.17,80476.4,0.565259
1.02761,187.629,80467.1,0.566685
1.0259,188.03,80295.9,0.568026
1.02615,188.51,80305.9,0.569512
1.0244,188.885,80128.3,0.570787
1.02454,189.388,80133.1,0.572331
1.02292,189.767,79971.3,0.573602
1.02292,190.249,79958.9,0.575101
1.02145,190.652,79807.7,0.576453
1.02138,191.095,79787.5,0.577846
1.0197,191.509,79617.1,0.579241
1.0199,192.009,79622.8,0.58079
1.01819,192.39,79451.2,0.582082
1.0183,192.89,79448.7,0.583633
1.01671,193.282,79285.9,0.584961
1.01664,193.768,79267.3,0.586482
1.01506,194.185,79114.5,0.587854
1.01505,194.633,79097.9,0.589268
1.0134,195.052,78925.6,0.590701
1.01353,195.556,78924.6,0.592269
1.01184,195.954,78755.4,0.593617
1.01182,196.435,78741.9,0.595118
1.01015,196.848,78575.9,0.596505
1.01014,197.336,78561.8,0.598035
1.00852,197.753,78401.3,0.599431
1.00844,198.229,78378.2,0.600941
1.00692,198.669,78224.3,0.602408
1.00675,199.117,78191.2,0.603846
1.00523,199.572,78039.2,0.605359
1.00518,200.013,78020.9,0.606752
1.00334,200.453,77833.7,0.60826
1.00366,200.973,77849.3,0.609873
1.00167,201.361,77650.6,0.611226
1.00194,201.887,77662.7,0.612855
0.999984,202.278,77468.7,0.61421
1.00018,202.805,77474.7,0.615848
0.99821,203.206,77283.2,0.617223
0.99842,203.724,77288.1,0.61884
0.996478,204.124,77094.7,0.620229
0.996656,204.652,77096.3,0.621881
0.994766,205.055,76906.6,0.623281
0.994908,205.58,76904.6,0.624931
0.992975,205.989,76715.3,0.626337
0.993141,206.51,76715.8,0.627972
0.991203,206.919,76524.2,0.629389
0.991363,207.454,76522.8,0.631072
0.98953,207.864,76336,0.632507
0.98956,208.396,76323.7,0.634187
0.987765,208.818,76146.4,0.635631
0.987676,209.332,76124.9,0.637257
0.985901,209.769,75953.4,0.638734
0.985787,210.273,75927,0.640342
0.98407,210.729,75757,0.641891
0.983944,211.216,75725.6,0.643468
0.982285,211.684,75559.7,0.645057
0.982117,212.131,75527.5,0.646501
0.980164,212.603,75337.1,0.648113
0.980452,213.146,75347.4,0.64982
0.978333,213.566,75137.7,0.651301
0.978617,214.112,75145.2,0.65303
0.976526,214.527,74937,0.654502
0.976721,215.076,74939.8,0.656232
0.974606,215.497,74735.7,0.6577
0.974774,216.041,74736.3,0.659413
0.972652,216.468,74531.9,0.660902
0.972855,217.01,74532.4,0.662623
0.970753,217.435,74326,0.664123
0.970954,217.979,74325.7,0.665857
0.968851,218.403,74119.3,0.667357
0.969037,218.95,74118,0.669097
0.966936,219.375,73912.2,0.670601
0.967108,219.924,73909.8,0.672348
0.965017,220.349,73705,0.673855
0.965159,220.899,73700.8,0.675606
0.963071,221.326,73497.9,0.677112
0.96318,221.876,73491.7,0.678863
0.961082,222.307,73290.3,0.68037
0.961186,222.856,73283.4,0.682122
0.959081,223.29,73081.6,0.683641
0.959208,223.84,73074.8,0.685403
0.957106,224.274,72871.1,0.686937
0.957249,224.828,72863.9,0.688719
0.955147,225.262,72658.3,0.690267
0.955289,225.821,72649.9,0.69207
0.953195,226.257,72442.6,0.693638
0.953283,226.834,72427.9,0.695507
0.95139,227.299,72239.7,0.697148
0.951072,227.784,72187.1,0.698773
0.949439,228.331,72022.8,0.700648
0.948952,228.798,71958.7,0.702212
0.947293,229.352,71797.7,0.704085
0.946726,229.825,71730.7,0.705655
0.945064,230.391,71565,0.70759
0.944257,230.895,71477.6,0.709267
0.943052,231.464,71330.8,0.711293
0.941585,231.979,71225.1,0.712849
0.941298,232.406,71175.5,0.714303
0.93979,232.924,71021.1,0.716097
0.939414,233.374,70962.6,0.717634
0.937841,233.919,70801.1,0.719525
0.937321,234.384,70734.4,0.721096
0.935643,234.939,70575.6,0.722968
0.935116,235.404,70509.7,0.724531
0.933437,235.966,70349.4,0.726438
0.932997,236.432,70285.1,0.728032
0.931399,236.99,70122.6,0.729969
0.930924,237.461,70054.8,0.731588
0.929348,238.013,69895.1,0.733504
0.928744,238.49,69822.4,0.735118
0.927094,239.045,69666.6,0.736997
0.926429,239.522,69593.3,0.738592
0.924711,240.088,69437.3,0.740481
0.924133,240.562,69367.2,0.742084
0.922438,241.133,69207,0.744023
0.921965,241.605,69139,0.745654
0.920322,242.175,68975.2,0.747633
0.919886,242.648,68906.6,0.749289
0.918296,243.213,68742,0.751284
0.917826,243.691,68669.7,0.752963
0.916293,244.249,68507.5,0.754948
0.915701,244.734,68428.7,0.756639
0.914175,245.286,68271.9,0.758582
0.913403,245.778,68187.1,0.760255
0.911772,246.333,68035.4,0.76214
0.910881,246.825,67949.4,0.76377
0.909099,247.397,67798.3,0.765644
0.90832,247.881,67718.4,0.767266
0.906538,248.469,67560.9,0.769226
0.906007,248.949,67487.8,0.770902
0.904361,249.532,67322.7,0.772951
0.903932,250.015,67248.8,0.774691
0.902409,250.584,67082.9,0.776756
0.901881,251.075,67002.1,0.778521
0.900397,251.633,66841.7,0.780545
0.899679,252.132,66753.5,0.782296
0.898146,252.689,66599.8,0.784258
0.897253,253.189,66507.6,0.785963
0.895615,253.749,66359.8,0.78786
0.894661,254.238,66268.8,0.789496
0.893049,254.801,66122.8,0.791404
0.892028,255.297,66021.2,0.793101
0.890834,255.873,65884.1,0.795185
0.889274,256.433,65754.7,0.797011
0.888775,256.932,65673.3,0.798833
0.887262,257.508,65507.4,0.800955
0.886695,258.013,65419.3,0.802809
0.885296,258.571,65260.3,0.804889
0.884555,259.089,65163.9,0.80676
0.883109,259.645,65009.2,0.808789
0.88201,260.167,64904.2,0.810567
0.880272,260.742,64756,0.812485
0.879108,261.256,64654.3,0.814187
0.877241,261.855,64503.1,0.816142
0.876287,262.363,64408.1,0.817884
0.874514,262.973,64249.6,0.819964
0.873853,263.479,64160.4,0.821803
0.872297,264.065,63998.5,0.823938
0.871676,264.571,63907.7,0.825809
0.870176,265.142,63747.5,0.827917
0.869451,265.651,63652.2,0.829782
0.867959,266.22,63496.1,0.831864
0.867135,266.735,63396.3,0.833733
0.86564,267.302,63243.5,0.835792
0.864727,267.821,63139.9,0.83766
0.863233,268.389,62990.1,0.839709
0.862244,268.911,62884.3,0.841567
0.860706,269.482,62735.7,0.843597
0.859606,270.003,62629.1,0.845407
0.857915,270.585,62480.5,0.847401
0.856782,271.099,62376,0.849163
0.854992,271.699,62225.2,0.85118
0.854043,272.21,62125.8,0.852991
0.852363,272.81,61970.2,0.855101
0.85161,273.327,61872.4,0.857018
0.8501,273.91,61714.2,0.859185
0.849382,274.436,61612.2,0.861181
0.848011,275.002,61456.6,0.863353
0.847159,275.536,61347.1,0.865365
0.845808,276.095,61197.7,0.867486
0.844745,276.63,61080.7,0.869452
0.843379,277.195,60938,0.871541
0.84223,277.737,60818.9,0.873506
0.840773,278.298,60676.9,0.875536
0.839427,278.837,60550.5,0.877442
0.838135,279.428,60423.2,0.87955
0.836609,279.958,60287.1,0.881411
0.834795,280.519,60151.5,0.883211
0.833509,281.077,60029.5,0.885184
0.832251,281.654,59903.3,0.887267
0.830602,282.173,59761.7,0.889072
0.828808,282.76,59633.6,0.890914
0.82794,283.319,59510.7,0.893129
0.827285,283.927,59393,0.895577
0.82622,284.462,59257,0.897715
0.824259,284.973,59105,0.899412
0.82274,285.537,58979.3,0.901323
0.821967,286.126,58851.6,0.903735
0.821602,286.741,58743.2,0.906312
0.820596,287.286,58603.9,0.908555
0.818494,287.753,58445.3,0.9101
0.816315,288.349,58316.7,0.911775
0.815437,288.915,58191.7,0.91405
0.81496,289.536,58074.5,0.916671
0.814123,290.098,57948.1,0.918979
0.812041,290.576,57782.6,0.920632
0.809601,291.136,57654.5,0.922043
0.808248,291.728,57521.6,0.924209
0.807891,292.338,57412.2,0.92682
0.807102,292.921,57280,0.929285
0.805285,293.398,57126,0.931003
0.802507,293.955,56981.4,0.932339
0.80123,294.524,56859.3,0.934405
0.800603,295.16,56738.6,0.937051
0.799753,295.728,56616.3,0.939367
0.797543,296.212,56449.4,0.940991
0.79517,296.775,56322.1,0.94244
0.793992,297.369,56189.4,0.944741
0.79386,298.002,56081.4,0.947586
0.793183,298.569,55945.3,0.950136
0.791404,299.04,55786.9,0.951915
0.78891,299.604,55649,0.953385
0.787909,300.195,55523.2,0.955739
0.787691,300.813,55404.4,0.958602
0.787227,301.401,55275.6,0.961312
0.78597,301.902,55123.9,0.963462
0.783742,302.415,54973,0.965052
0.782299,302.998,54845.1,0.967148
0.7816,303.621,54722.3,0.969791
0.780738,304.211,54598.4,0.972242
0.778811,304.712,54440.3,0.97405
0.776131,305.232,54298.9,0.975299
0.774427,305.845,54169.4,0.97735
0.77359,306.456,54052.6,0.979832
0.772273,307.035,53915.1,0.982097
0.769869,307.495,53758.9,0.983463
0.766941,308.128,53634.1,0.984753
0.766396,308.735,53515.7,0.987435
0.765845,309.31,53377.8,0.990194
0.765498,309.947,53262.8,0.993077
0.763821,310.41,53096.5,0.995026
0.761418,310.945,52951.5,0.996534
0.759697,311.569,52808.6,0.998754
0.75878,312.351,52644.1,1.00222
0.758752,313.062,52523.2,1.00563
0.757979,313.623,52377,1.00833
0.755868,314.078,52211.3,1.00999
0.753731,314.667,52078.4,1.01174
0.752736,315.257,51946.5,1.01425
0.752011,315.901,51828.2,1.01699
0.750506,316.431,51683.9,1.01909
0.747454,316.904,51525.4,1.0201
0.745261,317.519,51399.6,1.02183
0.744597,318.13,51273.4,1.0246
0.744166,318.784,51158.5,1.02756
0.742913,319.308,51014,1.02984
0.739978,319.763,50852.2,1.0309
0.737691,320.383,50726.9,1.03258
0.737132,320.992,50599.9,1.03545
0.73696,321.639,50483.7,1.03861
0.736242,322.196,50347.6,1.0413
0.734117,322.618,50180.6,1.04289
0.731446,323.233,50051.8,1.04432
0.730428,323.821,49920.8,1.04686
0.730216,324.463,49802.4,1.05003
0.729663,325.047,49673.1,1.05289
0.728113,325.535,49521.6,1.05496
0.725021,326.02,49365.8,1.05595
0.723229,326.648,49241.4,1.05801
0.72263,327.278,49120.3,1.06091
0.72193,327.885,48997.2,1.0637
0.720184,328.367,48847,1.06561
0.716816,328.869,48693.8,1.06641
0.715096,329.514,48572.4,1.06856
0.714816,330.146,48451.2,1.07173
0.714515,330.755,48329.3,1.07484
0.713505,331.277,48189.8,1.07733
0.710728,331.701,48024.2,1.07846
0.708094,332.343,47899.4,1.07995
0.707416,332.956,47772.3,1.08286
0.707398,333.589,47656.8,1.08622
0.706979,334.161,47527.2,1.08924
0.705545,334.63,47375.8,1.0914
0.70248,335.112,47219.2,1.0924
0.700768,335.748,47096.1,1.09457
0.70025,336.383,46974.7,1.09765
0.699664,336.986,46854.1,1.10057
0.698072,337.462,46708.3,1.10259
0.694541,337.934,46549.5,1.10321
0.692678,338.601,46430.3,1.10532
0.692346,339.222,46308.5,1.10854
0.692145,339.844,46191.8,1.11181
0.691244,340.364,46054.3,1.11445
0.68858,340.755,45888.4,1.11559
0.685673,341.415,45763.4,1.11691
0.684735,342.019,45636.1,1.11968
0.684685,342.654,45518.7,1.12316
0.684375,343.228,45394.3,1.12633
0.683248,343.718,45252.7,1.12877
0.680403,344.148,45090.4,1.12986
0.677994,344.785,44964.4,1.13152
0.677067,345.393,44838.1,1.13434
0.676464,346.028,44724.2,1.13736
0.675114,346.53,44589.4,1.13959
0.671855,346.952,44430.1,1.14026
0.669204,347.623,44309.7,1.14176
0.66844,348.231,44184.2,1.14473
0.668396,348.871,44069.6,1.14828
0.668012,349.434,43945.5,1.15143
0.66662,349.901,43803.5,1.15363
0.663174,350.324,43643.4,1.15415
0.660598,351.003,43523,1.15573
0.660012,351.596,43396.8,1.15885
0.66015,352.245,43282.5,1.16264
0.660024,352.813,43163.4,1.16601
0.659198,353.296,43024.8,1.16875
0.656772,353.714,42863.7,1.17018
0.654637,354.344,42736.7,1.17209
0.653634,354.937,42611.4,1.17487
0.652881,355.566,42497.2,1.17786
0.65145,356.057,42368,1.17998
0.648068,356.467,42210.2,1.18047
0.645086,357.155,42094,1.18166
0.644157,357.769,41970.5,1.18457
0.644153,358.398,41854.7,1.18829
0.643981,358.958,41737.3,1.19166
0.643218,359.487,41606.7,1.19458
0.640817,359.824,41454.7,1.19566
0.636868,360.427,41311.4,1.19603
0.634987,361.068,41197.7,1.19804
0.635017,361.722,41073.6,1.20205
0.635002,362.248,40958.4,1.20547
0.635085,362.905,40842.8,1.20945
0.634467,363.328,40712.7,1.2122
0.63236,363.735,40550.4,1.21396
0.630059,364.292,40427.2,1.21546
0.628902,365,40303.4,1.21857
0.626175,365.651,40177.8,1.21999
0.635643,361.124,41497.8,1.1945
0.959226,230.202,73625.4,0.70225
0.873718,259.949,64188.6,0.810551
0.861659,264.475,63421.5,0.823891
0.863394,263.869,63647.8,0.821367
0.865051,263.276,63801.5,0.819319
0.866364,262.722,63934.9,0.817359
0.86824,262.128,64107.3,0.815298
0.870315,261.618,64244.7,0.81381
0.87339,260.952,64421,0.812057
0.874661,260.451,64524.7,0.810438
0.87711,259.788,64729.6,0.808223
0.877195,259.166,64781.1,0.806006
0.879378,258.641,65015.6,0.80392
0.879318,257.956,65056.5,0.801512
0.881578,257.379,65274.6,0.799406
0.881849,256.806,65337.1,0.797367
0.883498,256.149,65524.6,0.794929
0.884151,255.551,65607.6,0.792866
0.88589,254.914,65770.1,0.79069
0.887441,254.327,65859.7,0.78902
0.890195,253.628,66015.7,0.78714
0.890696,252.961,66044,0.785124
0.893096,252.329,66241.4,0.783047
0.892576,251.649,66249,0.780665
0.894817,251.12,66490.7,0.77858
0.893976,250.398,66488.5,0.77599
0.895934,249.903,66723.1,0.773941
0.895659,249.254,66758.9,0.771605
0.897185,248.7,66956.1,0.769411
0.897648,248.143,67037.1,0.76742
0.899212,247.547,67204.1,0.765291
0.900019,246.994,67299,0.763386
0.9014,246.403,67451,0.761285
0.90248,245.832,67543.7,0.759451
0.9047,245.264,67698.4,0.757762
0.906962,244.753,67805.3,0.756531
0.910146,244.091,67965.8,0.754914
0.910398,243.507,67992.7,0.753065
0.91279,242.96,68214,0.751136
0.912222,242.341,68221.3,0.74895
0.914462,241.871,68466.3,0.747076
0.913699,241.21,68464.7,0.744731
0.915835,240.764,68715.1,0.742864
0.914931,240.091,68712.3,0.740439
0.916571,239.632,68938.6,0.738468
0.916414,239.075,68995.7,0.736386
0.917568,238.557,69173.8,0.734305
0.918501,238.036,69271.5,0.732555
0.919971,237.489,69408.9,0.730733
0.921626,236.969,69514.7,0.729233
0.924396,236.41,69659.6,0.727848
0.926151,235.922,69747.3,0.726577
0.928831,235.301,69907.6,0.72488
0.928989,234.742,69927.8,0.723114
0.931399,234.221,70146.2,0.72132
0.93087,233.618,70145,0.719264
0.933033,233.168,70376.8,0.717529
0.932464,232.53,70374.6,0.715356
0.934495,232.075,70601.7,0.713585
0.933776,231.448,70600.7,0.711389
0.935573,230.993,70824.3,0.70955
0.934854,230.388,70831.9,0.707381
0.936359,229.927,71046.2,0.705468
0.936064,229.344,71082.8,0.703388
0.937245,228.864,71248.3,0.701541
0.938633,228.382,71348.8,0.700086
0.941545,227.835,71501,0.698748
0.942388,227.285,71539.6,0.697186
0.944638,226.752,71715.4,0.695526
0.944367,226.182,71730.3,0.693607
0.946144,225.709,71939.6,0.691797
0.945688,225.127,71959.1,0.689754
0.946946,224.68,72147.5,0.687943
0.947707,224.164,72221.6,0.686286
0.949947,223.651,72372.5,0.684809
0.951379,223.185,72444.6,0.683558
0.953955,222.598,72603.4,0.681935
0.953896,222.068,72608.2,0.680269
0.956121,221.592,72824.9,0.678589
0.955613,221.005,72821.3,0.676628
0.95749,220.557,73024.9,0.674977
0.957253,220.052,73047.9,0.673241
0.959033,219.586,73258.6,0.671472
0.958249,218.972,73244.7,0.669384
0.959895,218.557,73459.8,0.66771
0.959519,217.997,73478.1,0.665785
0.960892,217.554,73660.4,0.664085
0.961632,217.081,73725.5,0.662603
0.963603,216.554,73877.6,0.66099
0.964412,216.09,73930.5,0.659615
0.966552,215.574,74091.8,0.658053
0.966902,215.052,74110.9,0.656491
0.969165,214.578,74302.4,0.654967
0.969026,214.035,74302.6,0.65326
0.971242,213.587,74511.8,0.651723
0.970923,213.035,74502.6,0.64997
0.973044,212.613,74713.9,0.648472
0.972707,212.042,74704.2,0.646661
0.974754,211.623,74909.1,0.645178
0.974269,211.049,74898.6,0.643313
0.976186,210.632,75105.4,0.641786
0.975645,210.044,75102,0.639833
0.977104,209.622,75280.7,0.638264
0.976778,209.144,75304.9,0.636601
0.978264,208.677,75503,0.634828
0.977521,208.107,75490.6,0.632905
0.978832,207.712,75681.2,0.631332
0.979504,207.233,75734.3,0.629872
0.981575,206.749,75882.5,0.628448
0.982539,206.283,75927.2,0.627155
0.98484,205.785,76083.4,0.625731
0.984933,205.267,76084.7,0.624179
0.987118,204.821,76282.1,0.622706
0.986704,204.258,76272.3,0.620904
0.988419,203.852,76455,0.619467
0.988172,203.322,76469.8,0.617719
0.989487,202.878,76633.2,0.616123
0.989248,202.426,76663.4,0.614556
0.990641,201.976,76847,0.612888
0.989865,201.428,76832.4,0.611043
0.991407,201.029,77039.4,0.609487
0.990799,200.493,77034.2,0.607695
0.992029,200.108,77209.6,0.606215
0.992806,199.631,77267.2,0.604781
0.994972,199.186,77398.4,0.603577
0.996861,198.745,77476.1,0.602511
0.99922,198.221,77584.2,0.601214
0.999825,197.798,77618.7,0.599981
1.00158,197.32,77767.1,0.598483
1.00166,196.828,77784.1,0.596948
1.00327,196.397,77944.4,0.595507
1.00314,195.92,77961.7,0.593957
1.00463,195.495,78130.9,0.592466
1.0042,194.982,78129.7,0.59079
1.00554,194.586,78296.5,0.589353
1.00526,194.106,78308.4,0.587773
1.00675,193.688,78489.7,0.586265
1.00637,193.175,78482.2,0.58463
1.008,192.797,78659.9,0.583295
1.00801,192.298,78664.2,0.581775
1.00985,191.892,78837.2,0.58044
1.0098,191.4,78833.7,0.578949
1.01178,190.992,79016.5,0.577613
1.01161,190.501,79002.4,0.576128
1.0136,190.112,79189.4,0.574838
1.01345,189.588,79178.5,0.573251
1.01509,189.211,79332.6,0.572015
1.01503,188.725,79346.8,0.570481
1.01632,188.3,79490.9,0.56904
1.0163,187.86,79524.4,0.567585
1.01755,187.426,79679.2,0.566072
1.01782,186.976,79742.4,0.564564
1.01773,186.5,79755.3,0.563056
1.01773,186.5,80000,0.562194
