0
0.001
1002
100000
1.03462,183.289,81252.7,0.552768
1.03462,183.383,81252.7,0.553052
1.03425,183.594,81212.7,0.553729
1.03389,183.806,81172.4,0.554406
1.03352,184.018,81132.1,0.555085
1.03315,184.23,81091.7,0.555764
1.03278,184.443,81051.3,0.556445
1.03241,184.655,81010.7,0.557126
1.03205,184.868,80970.1,0.557808
1.03167,185.081,80929.5,0.558491
1.0313,185.294,80888.7,0.559175
1.03093,185.508,80847.9,0.559859
1.03056,185.722,80807,0.560545
1.03019,185.935,80766,0.561231
1.02981,186.15,80725,0.561918
1.02944,186.364,80683.9,0.562606
1.02906,186.579,80642.7,0.563295
1.02868,186.793,80601.4,0.563984
1.02831,187.008,80560.1,0.564675
1.02793,187.224,80518.6,0.565366
1.02755,187.439,80477.1,0.566059
1.02717,187.655,80435.6,0.566752
1.02679,187.87,80393.9,0.567446
1.02641,188.087,80352.2,0.56814
1.02603,188.303,80310.4,0.568836
1.02565,188.519,80268.6,0.569532
1.02527,188.736,80226.6,0.57023
1.02488,188.953,80184.6,0.570928
1.0245,189.17,80142.5,0.571627
1.02411,189.388,80100.4,0.572327
1.02373,189.605,80058.1,0.573028
1.02334,189.823,80015.8,0.573729
1.02295,190.041,79973.4,0.574432
1.02256,190.259,79931,0.575135
1.02218,190.478,79888.4,0.575839
1.02179,190.697,79845.8,0.576544
1.0214,190.915,79803.1,0.57725
1.021,191.135,79760.4,0.577957
1.02061,191.354,79717.5,0.578664
1.02022,191.573,79674.6,0.579373
1.01983,191.793,79631.6,0.580082
1.01943,192.013,79588.6,0.580792
1.01904,192.233,79545.4,0.581504
1.01864,192.454,79502.2,0.582215
1.01825,192.674,79458.9,0.582928
1.01785,192.895,79415.6,0.583642
1.01745,193.116,79372.1,0.584356
1.01705,193.338,79328.6,0.585072
1.01665,193.559,79285,0.585788
1.01625,193.781,79241.4,0.586505
1.01585,194.003,79197.6,0.587223
1.01545,194.225,79153.8,0.587942
1.01505,194.447,79109.9,0.588662
1.01465,194.67,79065.9,0.589382
1.01424,194.893,79021.9,0.590104
1.01384,195.116,78977.8,0.590826
1.01343,195.339,78933.6,0.591549
1.01303,195.562,78889.3,0.592273
1.01262,195.786,78845,0.592998
1.01221,196.01,78800.6,0.593724
1.0118,196.234,78756.1,0.59445
1.01139,196.458,78711.5,0.595178
1.01098,196.683,78666.9,0.595906
1.01057,196.907,78622.2,0.596635
1.01016,197.132,78577.4,0.597366
1.00975,197.357,78532.5,0.598097
1.00934,197.583,78487.5,0.598828
1.00892,197.808,78442.5,0.599561
1.00851,198.034,78397.4,0.600295
1.00809,198.26,78352.3,0.601029
1.00768,198.486,78307,0.601765
1.00726,198.713,78261.7,0.602501
1.00684,198.939,78216.3,0.603238
1.00642,199.166,78170.8,0.603976
1.00601,199.393,78125.3,0.604715
1.00559,199.62,78079.6,0.605454
1.00517,199.848,78033.9,0.606195
1.00474,200.075,77988.2,0.606936
1.00432,200.303,77942.3,0.607679
1.0039,200.531,77896.4,0.608422
1.00348,200.76,77850.4,0.609166
1.00305,200.988,77804.3,0.609911
1.00263,201.217,77758.2,0.610657
1.0022,201.446,77711.9,0.611403
1.00177,201.675,77665.6,0.612151
1.00135,201.904,77619.2,0.612899
1.00092,202.134,77572.8,0.613649
1.00049,202.364,77526.3,0.614399
1.00006,202.594,77479.6,0.61515
0.999629,202.824,77433,0.615902
0.999197,203.054,77386.2,0.616655
0.998765,203.285,77339.4,0.617409
0.998332,203.516,77292.5,0.618163
0.997899,203.747,77245.5,0.618919
0.997464,203.978,77198.4,0.619675
0.997029,204.21,77151.3,0.620432
0.996593,204.441,77104.1,0.621191
0.996157,204.673,77056.8,0.62195
0.995719,204.905,77009.4,0.622709
0.995281,205.137,76962,0.62347
0.994842,205.37,76914.5,0.624232
0.994402,205.603,76866.9,0.624994
0.993962,205.836,76819.2,0.625758
0.99352,206.069,76771.5,0.626522
0.993078,206.302,76723.7,0.627287
0.992635,206.536,76675.8,0.628053
0.992191,206.769,76627.8,0.62882
0.991747,207.003,76579.8,0.629588
0.991302,207.237,76531.7,0.630357
0.990856,207.472,76483.5,0.631127
0.990409,207.706,76435.2,0.631897
0.989962,207.941,76386.9,0.632668
0.989513,208.176,76338.4,0.633441
0.989064,208.411,76290,0.634214
0.988614,208.647,76241.4,0.634988
0.988164,208.882,76192.7,0.635763
0.987712,209.118,76144,0.636539
0.98726,209.354,76095.2,0.637315
0.986807,209.59,76046.4,0.638093
0.986353,209.827,75997.4,0.638871
0.985899,210.063,75948.4,0.639651
0.985443,210.3,75899.3,0.640431
0.984987,210.537,75850.2,0.641212
0.98453,210.774,75800.9,0.641994
0.984073,211.012,75751.6,0.642777
0.983614,211.249,75702.2,0.643561
0.983155,211.487,75652.7,0.644345
0.982695,211.725,75603.2,0.645131
0.982234,211.963,75553.6,0.645917
0.981773,212.202,75503.9,0.646705
0.98131,212.44,75454.1,0.647493
0.980847,212.679,75404.3,0.648282
0.980383,212.918,75354.4,0.649072
0.979919,213.158,75304.4,0.649863
0.979453,213.397,75254.3,0.650654
0.978987,213.637,75204.2,0.651447
0.97852,213.876,75154,0.652241
0.978052,214.117,75103.7,0.653035
0.977583,214.357,75053.3,0.65383
0.977114,214.597,75002.9,0.654627
0.976644,214.838,74952.4,0.655424
0.976173,215.079,74901.8,0.656222
0.975701,215.32,74851.1,0.657021
0.975229,215.561,74800.4,0.65782
0.974755,215.802,74749.6,0.658621
0.974281,216.044,74698.7,0.659423
0.973807,216.286,74647.8,0.660225
0.973331,216.528,74596.7,0.661028
0.972855,216.77,74545.6,0.661833
0.972377,217.012,74494.5,0.662638
0.971899,217.255,74443.2,0.663444
0.971421,217.498,74391.9,0.664251
0.970941,217.741,74340.5,0.665058
0.970461,217.984,74289,0.665867
0.96998,218.228,74237.5,0.666677
0.969498,218.471,74185.9,0.667487
0.969015,218.715,74134.2,0.668298
0.968532,218.959,74082.4,0.669111
0.968048,219.203,74030.6,0.669924
0.967563,219.447,73978.7,0.670738
0.967077,219.692,73926.7,0.671553
0.96659,219.937,73874.6,0.672368
0.966103,220.182,73822.5,0.673185
0.965615,220.427,73770.3,0.674003
0.965126,220.672,73718,0.674821
0.964636,220.918,73665.7,0.675641
0.964146,221.163,73613.3,0.676461
0.963655,221.409,73560.8,0.677282
0.963163,221.655,73508.2,0.678104
0.96267,221.902,73455.6,0.678927
0.962176,222.148,73402.9,0.679751
0.961682,222.395,73350.1,0.680576
0.961187,222.642,73297.2,0.681401
0.960691,222.889,73244.3,0.682228
0.960194,223.136,73191.3,0.683055
0.959697,223.384,73138.2,0.683883
0.959199,223.631,73085.1,0.684713
0.9587,223.879,73031.9,0.685543
0.9582,224.127,72978.6,0.686374
0.957699,224.375,72925.2,0.687205
0.957198,224.624,72871.8,0.688038
0.956696,224.872,72818.3,0.688872
0.956193,225.121,72764.7,0.689706
0.955689,225.37,72711.1,0.690542
0.955185,225.619,72657.3,0.691378
0.95468,225.868,72603.6,0.692215
0.954174,226.118,72549.7,0.693053
0.953667,226.368,72495.8,0.693892
0.953159,226.617,72441.8,0.694732
0.952651,226.867,72387.7,0.695573
0.952142,227.118,72333.5,0.696415
0.951632,227.368,72279.3,0.697257
0.951121,227.619,72225,0.698101
0.95061,227.87,72170.7,0.698945
0.950098,228.121,72116.3,0.69979
0.949585,228.372,72061.8,0.700636
0.949071,228.623,72007.2,0.701483
0.948556,228.875,71952.6,0.702331
0.948041,229.126,71897.9,0.70318
0.947525,229.378,71843.1,0.70403
0.947008,229.63,71788.2,0.70488
0.946491,229.883,71733.3,0.705732
0.945972,230.135,71678.3,0.706584
0.945453,230.388,71623.3,0.707437
0.944933,230.64,71568.1,0.708291
0.944413,230.893,71512.9,0.709146
0.943891,231.147,71457.7,0.710002
0.943369,231.4,71402.3,0.710859
0.942846,231.653,71346.9,0.711717
0.942322,231.907,71291.5,0.712575
0.941798,232.161,71235.9,0.713435
0.941272,232.415,71180.3,0.714295
0.940746,232.669,71124.6,0.715157
0.940219,232.924,71068.9,0.716019
0.939692,233.178,71013.1,0.716882
0.939163,233.433,70957.2,0.717746
0.938634,233.688,70901.2,0.71861
0.938104,233.943,70845.2,0.719476
0.937574,234.198,70789.1,0.720343
0.937042,234.454,70733,0.72121
0.93651,234.709,70676.8,0.722079
0.935977,234.965,70620.5,0.722948
0.935444,235.221,70564.1,0.723818
0.934909,235.477,70507.7,0.724689
0.934374,235.734,70451.2,0.725561
0.933838,235.99,70394.6,0.726434
0.933301,236.247,70338,0.727307
0.932764,236.504,70281.3,0.728182
0.932226,236.761,70224.5,0.729057
0.931687,237.018,70167.7,0.729934
0.931147,237.275,70110.8,0.730811
0.930606,237.533,70053.8,0.731689
0.930065,237.79,69996.8,0.732568
0.929523,238.048,69939.7,0.733448
0.92898,238.306,69882.6,0.734329
0.928437,238.565,69825.3,0.73521
0.927892,238.823,69768,0.736093
0.927347,239.081,69710.7,0.736976
0.926802,239.34,69653.3,0.73786
0.926255,239.599,69595.8,0.738746
0.925708,239.858,69538.2,0.739632
0.92516,240.117,69480.6,0.740519
0.924611,240.377,69422.9,0.741407
0.924062,240.636,69365.2,0.742295
0.923511,240.896,69307.3,0.743185
0.92296,241.156,69249.5,0.744075
0.922408,241.416,69191.5,0.744967
0.921856,241.676,69133.5,0.745859
0.921303,241.936,69075.4,0.746752
0.920749,242.197,69017.3,0.747646
0.920194,242.458,68959.1,0.748541
0.919639,242.718,68900.8,0.749437
0.919082,242.979,68842.5,0.750333
0.918525,243.241,68784.1,0.751231
0.917968,243.502,68725.7,0.752129
0.917409,243.763,68667.1,0.753029
0.91685,244.025,68608.6,0.753929
0.91629,244.287,68549.9,0.75483
0.915729,244.549,68491.2,0.755732
0.915168,244.811,68432.5,0.756634
0.914606,245.073,68373.6,0.757538
0.914043,245.336,68314.7,0.758443
0.91348,245.598,68255.8,0.759348
0.912915,245.861,68196.8,0.760254
0.91235,246.124,68137.7,0.761162
0.911784,246.387,68078.5,0.76207
0.911218,246.65,68019.3,0.762979
0.910651,246.914,67960.1,0.763888
0.910083,247.177,67900.7,0.764799
0.909514,247.441,67841.4,0.765711
0.908945,247.705,67781.9,0.766623
0.908375,247.969,67722.4,0.767536
0.907804,248.233,67662.8,0.76845
0.907232,248.497,67603.2,0.769365
0.90666,248.761,67543.5,0.770281
0.906087,249.026,67483.8,0.771198
0.905513,249.291,67424,0.772116
0.904939,249.556,67364.1,0.773034
0.904364,249.821,67304.2,0.773954
0.903788,250.086,67244.2,0.774874
0.903211,250.351,67184.1,0.775795
0.902634,250.617,67124,0.776717
0.902056,250.882,67063.9,0.77764
0.901477,251.148,67003.6,0.778564
0.900898,251.414,66943.4,0.779488
0.900317,251.68,66883,0.780414
0.899737,251.946,66822.6,0.78134
0.899155,252.213,66762.2,0.782267
0.898573,252.479,66701.7,0.783195
0.89799,252.746,66641.1,0.784124
0.897406,253.013,66580.5,0.785054
0.896822,253.28,66519.8,0.785985
0.896237,253.547,66459,0.786916
0.895651,253.814,66398.2,0.787849
0.895064,254.082,66337.4,0.788782
0.894477,254.349,66276.5,0.789716
0.893889,254.617,66215.5,0.790651
0.893301,254.885,66154.5,0.791587
0.892711,255.152,66093.4,0.792524
0.892121,255.421,66032.2,0.793461
0.891531,255.689,65971.1,0.7944
0.890939,255.957,65909.8,0.795339
0.890347,256.226,65848.5,0.796279
0.889755,256.494,65787.1,0.79722
0.889161,256.763,65725.7,0.798162
0.888567,257.032,65664.3,0.799105
0.887972,257.301,65602.7,0.800048
0.887377,257.57,65541.2,0.800993
0.886781,257.84,65479.5,0.801938
0.886184,258.109,65417.8,0.802884
0.885586,258.379,65356.1,0.803831
0.884988,258.648,65294.3,0.804779
0.884389,258.918,65232.5,0.805728
0.88379,259.188,65170.6,0.806677
0.883189,259.458,65108.6,0.807628
0.882589,259.729,65046.6,0.808579
0.881987,259.999,64984.6,0.809531
0.881385,260.269,64922.5,0.810484
0.880782,260.54,64860.3,0.811438
0.880178,260.811,64798.1,0.812392
0.879574,261.082,64735.8,0.813348
0.878969,261.353,64673.5,0.814304
0.878364,261.624,64611.1,0.815261
0.877757,261.895,64548.7,0.816219
0.87715,262.167,64486.3,0.817178
0.876543,262.438,64423.7,0.818138
0.875935,262.71,64361.2,0.819099
0.875326,262.982,64298.5,0.82006
0.874716,263.254,64235.9,0.821022
0.874106,263.526,64173.2,0.821985
0.873495,263.798,64110.4,0.822949
0.872884,264.07,64047.6,0.823914
0.872272,264.342,63984.7,0.82488
0.871659,264.615,63921.8,0.825846
0.871045,264.888,63858.8,0.826814
0.870431,265.16,63795.8,0.827782
0.869817,265.433,63732.8,0.828751
0.869201,265.706,63669.6,0.829721
0.868585,265.979,63606.5,0.830691
0.867969,266.253,63543.3,0.831663
0.867351,266.526,63480,0.832635
0.866733,266.8,63416.7,0.833608
0.866115,267.073,63353.4,0.834582
0.865496,267.347,63290,0.835557
0.864876,267.621,63226.5,0.836533
0.864255,267.895,63163.1,0.837509
0.863634,268.169,63099.5,0.838487
0.863013,268.443,63036,0.839465
0.86239,268.717,62972.3,0.840444
0.861767,268.992,62908.7,0.841423
0.861144,269.266,62844.9,0.842404
0.86052,269.541,62781.2,0.843386
0.859895,269.816,62717.4,0.844368
0.859269,270.09,62653.5,0.845351
0.858643,270.365,62589.6,0.846335
0.858017,270.64,62525.7,0.84732
0.85739,270.916,62461.7,0.848305
0.856762,271.191,62397.7,0.849292
0.856133,271.466,62333.6,0.850279
0.855504,271.742,62269.5,0.851267
0.854874,272.017,62205.4,0.852256
0.854244,272.293,62141.2,0.853246
0.853613,272.569,62076.9,0.854236
0.852982,272.845,62012.7,0.855227
0.85235,273.121,61948.3,0.85622
0.851717,273.397,61884,0.857213
0.851084,273.673,61819.6,0.858206
0.85045,273.95,61755.1,0.859201
0.849815,274.226,61690.6,0.860196
0.84918,274.503,61626.1,0.861193
0.848545,274.779,61561.5,0.86219
0.847908,275.056,61496.9,0.863188
0.847272,275.333,61432.3,0.864186
0.846634,275.61,61367.6,0.865186
0.845996,275.887,61302.9,0.866186
0.845358,276.164,61238.1,0.867187
0.844719,276.441,61173.3,0.868189
0.844079,276.719,61108.5,0.869192
0.843439,276.996,61043.6,0.870195
0.842798,277.274,60978.7,0.871199
0.842156,277.551,60913.7,0.872205
0.841514,277.829,60848.7,0.873211
0.840872,278.107,60783.7,0.874217
0.840229,278.385,60718.6,0.875225
0.839585,278.663,60653.5,0.876233
0.838941,278.941,60588.4,0.877242
0.838296,279.219,60523.2,0.878252
0.837651,279.498,60458,0.879263
0.837005,279.776,60392.7,0.880274
0.836358,280.054,60327.4,0.881287
0.835711,280.333,60262.1,0.8823
0.835064,280.612,60196.7,0.883314
0.834416,280.89,60131.3,0.884328
0.833767,281.169,60065.9,0.885344
0.833118,281.448,60000.4,0.88636
0.832468,281.727,59935,0.887377
0.831818,282.006,59869.4,0.888395
0.831167,282.285,59803.9,0.889414
0.830516,282.565,59738.3,0.890433
0.829864,282.844,59672.6,0.891453
0.829211,283.123,59607,0.892474
0.828558,283.403,59541.3,0.893496
0.827905,283.682,59475.5,0.894519
0.827251,283.962,59409.8,0.895542
0.826596,284.242,59344,0.896566
0.825941,284.522,59278.2,0.897591
0.825286,284.802,59212.3,0.898617
0.82463,285.082,59146.4,0.899643
0.823973,285.362,59080.5,0.900671
0.823316,285.642,59014.5,0.901699
0.822658,285.922,58948.6,0.902727
0.822,286.202,58882.6,0.903757
0.821342,286.483,58816.5,0.904787
0.820683,286.763,58750.5,0.905818
0.820023,287.044,58684.4,0.90685
0.819363,287.324,58618.2,0.907883
0.818702,287.605,58552.1,0.908916
0.818041,287.886,58485.9,0.909951
0.817379,288.166,58419.7,0.910986
0.816717,288.447,58353.5,0.912021
0.816055,288.728,58287.2,0.913058
0.815392,289.009,58220.9,0.914095
0.814728,289.29,58154.6,0.915133
0.814064,289.572,58088.2,0.916172
0.8134,289.853,58021.9,0.917212
0.812735,290.134,57955.5,0.918252
0.812069,290.415,57889,0.919293
0.811403,290.697,57822.6,0.920335
0.810737,290.978,57756.1,0.921377
0.81007,291.26,57689.6,0.922421
0.809402,291.542,57623.1,0.923465
0.808734,291.823,57556.5,0.92451
0.808066,292.105,57490,0.925555
0.807397,292.387,57423.4,0.926602
0.806728,292.669,57356.7,0.927649
0.806058,292.951,57290.1,0.928697
0.805388,293.233,57223.4,0.929745
0.804718,293.515,57156.7,0.930795
0.804047,293.797,57090,0.931845
0.803375,294.079,57023.3,0.932896
0.802703,294.361,56956.5,0.933947
0.802031,294.644,56889.7,0.935
0.801358,294.926,56822.9,0.936053
0.800685,295.208,56756.1,0.937107
0.800011,295.491,56689.3,0.938161
0.799337,295.773,56622.4,0.939217
0.798662,296.056,56555.5,0.940273
0.797987,296.339,56488.6,0.941329
0.797312,296.621,56421.7,0.942387
0.796636,296.904,56354.7,0.943445
0.79596,297.187,56287.8,0.944504
0.795283,297.47,56220.8,0.945564
0.794606,297.752,56153.8,0.946624
0.793928,298.035,56086.8,0.947686
0.79325,298.318,56019.7,0.948748
0.792572,298.601,55952.7,0.94981
0.791893,298.885,55885.6,0.950874
0.791214,299.168,55818.5,0.951938
0.790535,299.451,55751.4,0.953003
0.789855,299.734,55684.3,0.954068
0.789174,300.017,55617.1,0.955134
0.788493,300.301,55550,0.956201
0.787812,300.584,55482.8,0.957269
0.787131,300.867,55415.6,0.958338
0.786449,301.151,55348.4,0.959407
0.785766,301.434,55281.2,0.960477
0.785083,301.718,55213.9,0.961547
0.7844,302.002,55146.7,0.962619
0.783717,302.285,55079.4,0.963691
0.783033,302.569,55012.2,0.964763
0.782349,302.853,54944.9,0.965837
0.781664,303.136,54877.6,0.966911
0.780979,303.42,54810.2,0.967986
0.780293,303.704,54742.9,0.969062
0.779608,303.988,54675.6,0.970138
0.778921,304.272,54608.2,0.971215
0.778235,304.556,54540.8,0.972293
0.777548,304.84,54473.4,0.973371
0.776861,305.124,54406.1,0.97445
0.776173,305.408,54338.6,0.97553
0.775485,305.692,54271.2,0.976611
0.774797,305.976,54203.8,0.977692
0.774108,306.26,54136.4,0.978774
0.773419,306.544,54068.9,0.979857
0.77273,306.828,54001.4,0.980941
0.77204,307.113,53934,0.982025
0.77135,307.397,53866.5,0.98311
0.770659,307.681,53799,0.984195
0.769968,307.966,53731.5,0.985282
0.769277,308.25,53663.9,0.986369
0.768585,308.535,53596.4,0.987457
0.767893,308.819,53528.8,0.988546
0.7672,309.104,53461.3,0.989636
0.766507,309.389,53393.7,0.990727
0.765814,309.674,53326,0.991818
0.76512,309.959,53258.4,0.992911
0.764425,310.244,53190.7,0.994005
0.763729,310.529,53122.9,0.995102
0.763031,310.815,53054.9,0.996201
0.76233,311.103,52986.7,0.997304
0.761623,311.393,52917.9,0.998419
0.760892,311.692,52846.8,0.999571
0.759909,312.095,52751.3,1.00112
0.75906,312.443,52668.8,1.00246
0.758311,312.749,52596,1.00364
0.757588,313.045,52525.8,1.00479
0.756874,313.337,52456.6,1.00591
0.756167,313.627,52387.9,1.00703
0.755462,313.915,52319.6,1.00814
0.754759,314.202,52251.4,1.00925
0.754057,314.489,52183.4,1.01036
0.753356,314.776,52115.5,1.01147
0.752655,315.062,52047.6,1.01258
0.751954,315.348,51979.8,1.01369
0.751254,315.633,51912.1,1.01479
0.750554,315.919,51844.4,1.0159
0.749854,316.204,51776.7,1.01701
0.749154,316.49,51709,1.01812
0.748453,316.775,51641.3,1.01923
0.747753,317.06,51573.7,1.02034
0.747053,317.346,51506.1,1.02144
0.746352,317.631,51438.5,1.02255
0.745651,317.916,51370.9,1.02366
0.74495,318.201,51303.3,1.02478
0.744249,318.486,51235.7,1.02589
0.743548,318.771,51168.1,1.027
0.742847,319.056,51100.6,1.02811
0.742145,319.341,51033,1.02922
0.741443,319.626,50965.5,1.03034
0.740742,319.911,50897.9,1.03145
0.740039,320.196,50830.4,1.03257
0.739337,320.481,50762.9,1.03368
0.738635,320.766,50695.4,1.0348
0.737932,321.051,50627.9,1.03591
0.737229,321.336,50560.4,1.03703
0.736526,321.621,50492.9,1.03815
0.735823,321.906,50425.4,1.03927
0.735119,322.191,50357.9,1.04038
0.734416,322.475,50290.5,1.0415
0.733712,322.76,50223,1.04262
0.733008,323.045,50155.6,1.04374
0.732304,323.33,50088.1,1.04487
0.731599,323.615,50020.7,1.04599
0.730895,323.9,49953.3,1.04711
0.73019,324.184,49885.9,1.04823
0.729485,324.469,49818.4,1.04935
0.72878,324.754,49751.1,1.05048
0.728075,325.038,49683.7,1.0516
0.72737,325.323,49616.3,1.05273
0.726664,325.608,49548.9,1.05385
0.725958,325.893,49481.6,1.05498
0.725253,326.177,49414.2,1.05611
0.724547,326.462,49346.9,1.05723
0.72384,326.746,49279.6,1.05836
0.723134,327.031,49212.3,1.05949
0.722428,327.316,49145,1.06062
0.721721,327.6,49077.7,1.06175
0.721014,327.885,49010.4,1.06288
0.720307,328.169,48943.2,1.06401
0.7196,328.454,48875.9,1.06514
0.718893,328.738,48808.7,1.06628
0.718186,329.022,48741.5,1.06741
0.717478,329.307,48674.3,1.06854
0.716771,329.591,48607.1,1.06968
0.716063,329.876,48539.9,1.07081
0.715355,330.16,48472.7,1.07194
0.714647,330.444,48405.6,1.07308
0.713939,330.729,48338.5,1.07422
0.713231,331.013,48271.3,1.07535
0.712522,331.297,48204.2,1.07649
0.711814,331.581,48137.2,1.07763
0.711105,331.865,48070.1,1.07877
0.710397,332.149,48003,1.07991
0.709688,332.434,47936,1.08104
0.708979,332.718,47869,1.08218
0.70827,333.002,47802,1.08333
0.707561,333.286,47735,1.08447
0.706852,333.57,47668,1.08561
0.706142,333.854,47601.1,1.08675
0.705433,334.138,47534.1,1.08789
0.704724,334.421,47467.2,1.08904
0.704014,334.705,47400.3,1.09018
0.703304,334.989,47333.5,1.09133
0.702595,335.273,47266.6,1.09247
0.701885,335.557,47199.8,1.09362
0.701175,335.84,47132.9,1.09476
0.700465,336.124,47066.2,1.09591
0.699755,336.408,46999.4,1.09706
0.699045,336.691,46932.6,1.0982
0.698335,336.975,46865.9,1.09935
0.697625,337.258,46799.2,1.1005
0.696914,337.542,46732.5,1.10165
0.696204,337.825,46665.8,1.1028
0.695494,338.108,46599.2,1.10395
0.694783,338.392,46532.5,1.1051
0.694073,338.675,46465.9,1.10625
0.693362,338.958,46399.4,1.1074
0.692652,339.241,46332.8,1.10856
0.691941,339.525,46266.3,1.10971
0.69123,339.808,46199.8,1.11086
0.69052,340.091,46133.3,1.11202
0.689809,340.374,46066.8,1.11317
0.689098,340.657,46000.4,1.11433
0.688387,340.94,45934,1.11548
0.687676,341.222,45867.6,1.11664
0.686966,341.505,45801.2,1.1178
0.686255,341.788,45734.9,1.11895
0.685544,342.071,45668.6,1.12011
0.684833,342.353,45602.3,1.12127
0.684122,342.636,45536,1.12243
0.683411,342.919,45469.8,1.12359
0.6827,343.201,45403.6,1.12475
0.681989,343.483,45337.4,1.12591
0.681278,343.766,45271.3,1.12707
0.680567,344.048,45205.2,1.12823
0.679856,344.33,45139.1,1.12939
0.679146,344.613,45073,1.13055
0.678435,344.895,45007,1.13171
0.677724,345.177,44940.9,1.13288
0.677013,345.459,44875,1.13404
0.676302,345.741,44809,1.13521
0.675591,346.023,44743.1,1.13637
0.67488,346.305,44677.2,1.13754
0.674169,346.587,44611.3,1.1387
0.673459,346.868,44545.5,1.13987
0.672748,347.15,44479.7,1.14103
0.672037,347.432,44413.9,1.1422
0.671326,347.713,44348.2,1.14337
0.670616,347.995,44282.5,1.14454
0.669905,348.276,44216.8,1.1457
0.669194,348.558,44151.2,1.14687
0.668484,348.839,44085.5,1.14804
0.667773,349.12,44020,1.14921
0.667063,349.401,43954.4,1.15038
0.666352,349.682,43888.9,1.15155
0.665642,349.963,43823.4,1.15273
0.664932,350.244,43758,1.1539
0.664222,350.525,43692.5,1.15507
0.663511,350.806,43627.2,1.15624
0.662801,351.087,43561.8,1.15742
0.662091,351.367,43496.5,1.15859
0.661381,351.648,43431.2,1.15976
0.660671,351.929,43366,1.16094
0.659962,352.209,43300.7,1.16211
0.659252,352.49,43235.6,1.16329
0.658542,352.77,43170.4,1.16446
0.657833,353.05,43105.3,1.16564
0.657123,353.33,43040.2,1.16682
0.656414,353.61,42975.2,1.16799
0.655704,353.89,42910.2,1.16917
0.654995,354.17,42845.3,1.17035
0.654286,354.45,42780.3,1.17153
0.653577,354.73,42715.4,1.17271
0.652868,355.01,42650.6,1.17389
0.652159,355.289,42585.8,1.17507
0.65145,355.569,42521,1.17625
0.650742,355.848,42456.3,1.17743
0.650033,356.128,42391.6,1.17861
0.649325,356.407,42326.9,1.17979
0.648616,356.686,42262.3,1.18097
0.647908,356.966,42197.7,1.18216
0.6472,357.245,42133.2,1.18334
0.646492,357.524,42068.7,1.18452
0.645784,357.802,42004.2,1.18571
0.645077,358.081,41939.8,1.18689
0.644369,358.36,41875.4,1.18807
0.643662,358.639,41811,1.18926
0.642954,358.917,41746.7,1.19044
0.642247,359.196,41682.5,1.19163
0.64154,359.474,41618.2,1.19282
0.640833,359.752,41554.1,1.194
0.640127,360.031,41489.9,1.19519
0.63942,360.309,41425.8,1.19638
0.638714,360.587,41361.8,1.19757
0.638007,360.865,41297.8,1.19875
0.637301,361.143,41233.8,1.19994
0.636595,361.42,41169.9,1.20113
0.635889,361.698,41106,1.20232
0.635184,361.976,41042.1,1.20351
0.634478,362.253,40978.3,1.2047
0.633773,362.531,40914.6,1.20589
0.633068,362.808,40850.8,1.20708
0.632363,363.085,40787.2,1.20827
0.631658,363.362,40723.6,1.20947
0.630953,363.639,40660,1.21066
0.630249,363.916,40596.4,1.21185
0.629544,364.193,40532.9,1.21304
0.62884,364.47,40469.5,1.21424
0.628136,364.746,40406.1,1.21543
0.627433,365.023,40342.7,1.21663
0.626729,365.299,40279.4,1.21782
0.626026,365.576,40216.2,1.21901
0.625323,365.852,40152.9,1.22021
0.62462,366.128,40089.8,1.22141
1.01852,211.64,79740.9,0.639259
0.896106,252.718,66695.3,0.782894
0.865642,263.76,63543.4,0.822771
0.863492,264.502,63322.6,0.825497
0.864174,264.194,63392.6,0.824405
0.864866,263.882,63463.7,0.8233
0.865557,263.571,63534.7,0.822198
0.866245,263.261,63605.4,0.821099
0.866932,262.951,63676,0.820003
0.867616,262.642,63746.4,0.818909
0.868299,262.333,63816.7,0.817818
0.86898,262.025,63886.7,0.81673
0.869659,261.718,63956.6,0.815645
0.870336,261.411,64026.4,0.814562
0.871011,261.105,64096,0.813481
0.871685,260.799,64165.4,0.812404
0.872357,260.494,64234.7,0.811329
0.873027,260.19,64303.8,0.810256
0.873696,259.886,64372.7,0.809186
0.874362,259.583,64441.5,0.808118
0.875027,259.28,64510.1,0.807053
0.875691,258.978,64578.6,0.80599
0.876353,258.676,64647,0.804929
0.877013,258.375,64715.2,0.803871
0.877671,258.074,64783.2,0.802815
0.878328,257.774,64851.1,0.801762
0.878984,257.475,64918.9,0.80071
0.879637,257.176,64986.5,0.799661
0.88029,256.877,65054,0.798614
0.88094,256.579,65121.3,0.79757
0.881589,256.281,65188.5,0.796527
0.882237,255.984,65255.6,0.795487
0.882883,255.688,65322.5,0.794448
0.883528,255.391,65389.3,0.793412
0.884171,255.096,65455.9,0.792378
0.884812,254.8,65522.4,0.791346
0.885453,254.506,65588.8,0.790317
0.886091,254.211,65655.1,0.789289
0.886729,253.917,65721.2,0.788263
0.887364,253.624,65787.2,0.787239
0.887999,253.331,65853.1,0.786217
0.888632,253.038,65918.8,0.785197
0.889263,252.746,65984.4,0.784179
0.889894,252.455,66049.9,0.783163
0.890523,252.163,66115.3,0.782149
0.89115,251.873,66180.5,0.781137
0.891776,251.582,66245.6,0.780127
0.892401,251.292,66310.6,0.779118
0.893024,251.003,66375.5,0.778112
0.893646,250.713,66440.2,0.777107
0.894267,250.425,66504.9,0.776104
0.894887,250.136,66569.4,0.775103
0.895505,249.848,66633.7,0.774104
0.896121,249.561,66698,0.773106
0.896737,249.274,66762.2,0.772111
0.897351,248.987,66826.2,0.771117
0.897964,248.7,66890.1,0.770125
0.898576,248.414,66953.9,0.769134
0.899186,248.129,67017.6,0.768146
0.899795,247.844,67081.2,0.767159
0.900403,247.559,67144.6,0.766173
0.90101,247.274,67208,0.76519
0.901615,246.99,67271.2,0.764208
0.902219,246.706,67334.3,0.763227
0.902822,246.423,67397.3,0.762249
0.903424,246.14,67460.2,0.761272
0.904024,245.857,67523,0.760297
0.904623,245.575,67585.7,0.759323
0.905221,245.293,67648.3,0.758351
0.905818,245.011,67710.7,0.757381
0.906414,244.73,67773.1,0.756412
0.907008,244.449,67835.3,0.755445
0.907601,244.169,67897.4,0.754479
0.908193,243.889,67959.5,0.753515
0.908784,243.609,68021.4,0.752552
0.909374,243.329,68083.2,0.751591
0.909962,243.05,68144.9,0.750632
0.91055,242.771,68206.5,0.749674
0.911136,242.493,68268,0.748718
0.911721,242.215,68329.3,0.747763
0.912305,241.937,68390.6,0.74681
0.912887,241.66,68451.8,0.745858
0.913469,241.382,68512.9,0.744908
0.914049,241.106,68573.8,0.743959
0.914629,240.829,68634.7,0.743012
0.915207,240.553,68695.5,0.742066
0.915784,240.277,68756.1,0.741122
0.91636,240.002,68816.7,0.740179
0.916935,239.727,68877.1,0.739237
0.917509,239.452,68937.5,0.738298
0.918081,239.177,68997.7,0.737359
0.918653,238.903,69057.9,0.736422
0.919223,238.629,69117.9,0.735486
0.919792,238.356,69177.9,0.734552
0.920361,238.082,69237.7,0.733619
0.920928,237.809,69297.4,0.732688
0.921494,237.537,69357.1,0.731758
0.922059,237.264,69416.6,0.730829
0.922622,236.992,69476.1,0.729902
0.923185,236.721,69535.4,0.728977
0.923747,236.449,69594.7,0.728052
0.924308,236.178,69653.8,0.727129
0.924867,235.907,69712.9,0.726208
0.925426,235.637,69771.8,0.725287
0.925983,235.367,69830.7,0.724368
0.926539,235.097,69889.4,0.723451
0.927095,234.827,69948.1,0.722535
0.927649,234.558,70006.7,0.72162
0.928202,234.289,70065.1,0.720706
0.928754,234.02,70123.5,0.719794
0.929306,233.752,70181.8,0.718883
0.929856,233.484,70239.9,0.717974
0.930405,233.216,70298,0.717066
0.930953,232.949,70356,0.716159
0.9315,232.681,70413.9,0.715253
0.932045,232.414,70471.7,0.714349
0.93259,232.148,70529.4,0.713446
0.933134,231.882,70587,0.712544
0.933677,231.616,70644.5,0.711644
0.934219,231.35,70701.9,0.710745
0.93476,231.084,70759.2,0.709847
0.935299,230.819,70816.4,0.708951
0.935838,230.554,70873.5,0.708056
0.936376,230.29,70930.6,0.707162
0.936913,230.025,70987.5,0.706269
0.937448,229.761,71044.3,0.705378
0.937983,229.498,71101.1,0.704488
0.938517,229.234,71157.7,0.703599
0.93905,228.971,71214.3,0.702711
0.939581,228.708,71270.8,0.701825
0.940112,228.445,71327.2,0.70094
0.940642,228.183,71383.4,0.700056
0.94117,227.921,71439.6,0.699173
0.941698,227.659,71495.7,0.698292
0.942225,227.398,71551.7,0.697412
0.942751,227.137,71607.6,0.696533
0.943275,226.876,71663.4,0.695655
0.943799,226.615,71719.2,0.694779
0.944322,226.355,71774.8,0.693904
0.944844,226.094,71830.4,0.69303
0.945365,225.835,71885.8,0.692157
0.945884,225.575,71941.2,0.691285
0.946403,225.316,71996.4,0.690415
0.946921,225.057,72051.6,0.689546
0.947438,224.798,72106.7,0.688678
0.947954,224.54,72161.7,0.687811
0.948469,224.281,72216.6,0.686946
0.948983,224.023,72271.4,0.686081
0.949496,223.766,72326.1,0.685218
0.950008,223.508,72380.7,0.684356
0.95052,223.251,72435.3,0.683495
0.95103,222.994,72489.7,0.682636
0.951539,222.738,72544.1,0.681777
0.952047,222.482,72598.3,0.68092
0.952555,222.226,72652.5,0.680064
0.953061,221.97,72706.6,0.679209
0.953566,221.714,72760.6,0.678355
0.954071,221.459,72814.5,0.677502
0.954574,221.204,72868.3,0.676651
0.955077,220.949,72922,0.675801
0.955579,220.695,72975.7,0.674952
0.956079,220.441,73029.2,0.674104
0.956579,220.187,73082.7,0.673257
0.957078,219.933,73136.1,0.672411
0.957576,219.68,73189.3,0.671567
0.958073,219.427,73242.5,0.670723
0.958569,219.174,73295.6,0.669881
0.959064,218.922,73348.6,0.66904
0.959558,218.669,73401.5,0.6682
0.960051,218.417,73454.4,0.667361
0.960543,218.165,73507.1,0.666524
0.961034,217.914,73559.8,0.665687
0.961525,217.663,73612.3,0.664852
0.962014,217.412,73664.8,0.664017
0.962503,217.161,73717.2,0.663184
0.962991,216.91,73769.5,0.662352
0.963477,216.66,73821.7,0.661521
0.963963,216.41,73873.9,0.660691
0.964448,216.161,73925.9,0.659863
0.964932,215.911,73977.8,0.659035
0.965415,215.662,74029.7,0.658209
0.965897,215.413,74081.5,0.657383
0.966378,215.164,74133.2,0.656559
0.966859,214.916,74184.8,0.655736
0.967338,214.668,74236.3,0.654914
0.967816,214.42,74287.7,0.654093
0.968294,214.172,74339,0.653273
0.968771,213.925,74390.3,0.652454
0.969246,213.678,74441.4,0.651637
0.969721,213.431,74492.5,0.65082
0.970195,213.185,74543.5,0.650005
0.970668,212.938,74594.4,0.64919
0.97114,212.692,74645.2,0.648377
0.971612,212.446,74695.9,0.647565
0.972082,212.201,74746.6,0.646754
0.972551,211.956,74797.1,0.645944
0.97302,211.71,74847.6,0.645135
0.973488,211.466,74898,0.644327
0.973954,211.221,74948.3,0.64352
0.97442,210.977,74998.5,0.642714
0.974885,210.733,75048.6,0.64191
0.975349,210.489,75098.6,0.641106
0.975812,210.246,75148.6,0.640303
0.976275,210.002,75198.4,0.639502
0.976736,209.759,75248.2,0.638702
0.977197,209.517,75297.9,0.637902
0.977656,209.274,75347.5,0.637104
0.978115,209.032,75397,0.636307
0.978573,208.79,75446.4,0.635511
0.97903,208.548,75495.8,0.634716
0.979486,208.307,75545,0.633921
0.979941,208.065,75594.2,0.633128
0.980396,207.825,75643.3,0.632337
0.980849,207.584,75692.3,0.631546
0.981302,207.343,75741.2,0.630756
0.981754,207.103,75790,0.629967
0.982205,206.863,75838.8,0.629179
0.982655,206.623,75887.4,0.628393
0.983104,206.384,75936,0.627607
0.983552,206.145,75984.5,0.626822
0.983999,205.906,76032.9,0.626039
0.984446,205.667,76081.2,0.625256
0.984892,205.429,76129.5,0.624475
0.985336,205.191,76177.6,0.623694
0.98578,204.953,76225.7,0.622915
0.986223,204.715,76273.7,0.622137
0.986666,204.477,76321.6,0.621359
0.987107,204.24,76369.4,0.620583
0.987547,204.003,76417.1,0.619808
0.987987,203.767,76464.7,0.619033
0.988426,203.53,76512.3,0.61826
0.988864,203.294,76559.8,0.617488
0.989301,203.058,76607.2,0.616717
0.989737,202.822,76654.5,0.615946
0.990173,202.587,76701.7,0.615177
0.990607,202.352,76748.8,0.614409
0.991041,202.117,76795.9,0.613642
0.991474,201.882,76842.9,0.612876
0.991906,201.648,76889.7,0.612111
0.992337,201.413,76936.6,0.611347
0.992767,201.179,76983.3,0.610584
0.993196,200.946,77029.9,0.609821
0.993625,200.712,77076.5,0.60906
0.994053,200.479,77122.9,0.6083
0.99448,200.246,77169.3,0.607541
0.994906,200.013,77215.6,0.606783
0.995331,199.781,77261.8,0.606026
0.995755,199.549,77308,0.60527
0.996179,199.317,77354,0.604515
0.996602,199.085,77400,0.603761
0.997023,198.854,77445.9,0.603008
0.997445,198.622,77491.7,0.602256
0.997865,198.391,77537.4,0.601505
0.998284,198.161,77583,0.600755
0.998703,197.93,77628.6,0.600006
0.99912,197.7,77674.1,0.599258
0.999537,197.47,77719.5,0.598511
0.999953,197.24,77764.8,0.597765
1.00037,197.011,77810,0.597019
1.00078,196.782,77855.1,0.596275
1.0012,196.553,77900.2,0.595532
1.00161,196.324,77945.2,0.59479
1.00202,196.095,77990.1,0.594049
1.00243,195.867,78034.9,0.593309
1.00284,195.639,78079.6,0.592569
1.00325,195.411,78124.3,0.591831
1.00366,195.184,78168.8,0.591094
1.00407,194.957,78213.3,0.590358
1.00448,194.73,78257.7,0.589622
1.00488,194.503,78302.1,0.588888
1.00529,194.276,78346.3,0.588155
1.00569,194.05,78390.5,0.587422
1.0061,193.824,78434.5,0.586691
1.0065,193.598,78478.5,0.58596
1.0069,193.372,78522.5,0.585231
1.0073,193.147,78566.3,0.584502
1.0077,192.922,78610,0.583775
1.0081,192.697,78653.7,0.583048
1.0085,192.473,78697.3,0.582322
1.0089,192.248,78740.8,0.581598
1.0093,192.024,78784.3,0.580874
1.00969,191.8,78827.6,0.580151
1.01009,191.577,78870.9,0.57943
1.01048,191.354,78914.1,0.578709
1.01088,191.13,78957.2,0.577989
1.01127,190.908,79000.2,0.57727
1.01166,190.685,79043.1,0.576552
1.01206,190.463,79086,0.575835
1.01245,190.24,79128.8,0.575119
1.01284,190.019,79171.5,0.574404
1.01323,189.797,79214.1,0.57369
1.01362,189.575,79256.7,0.572976
1.014,189.354,79299.1,0.572264
1.01439,189.133,79341.5,0.571553
1.01478,188.913,79383.8,0.570842
1.01516,188.692,79426.1,0.570133
1.01555,188.472,79468.2,0.569425
1.01593,188.252,79510.3,0.568717
1.01631,188.032,79552.3,0.56801
1.0167,187.813,79594.2,0.567305
1.01708,187.594,79636,0.5666
1.01746,187.375,79677.8,0.565896
1.01784,187.156,79719.4,0.565193
1.01822,186.938,79761,0.564491
1.0186,186.719,79802.5,0.56379
1.01897,186.501,79844,0.56309
1.01935,186.284,79885.3,0.562391
1.01935,186.284,80000,0.561988
