0
0.001
1002
28000
1.03975,180.292,81817.7,0.543193
1.03975,180.385,81817.7,0.543473
1.03939,180.593,81778.2,0.544135
1.03903,180.8,81738.6,0.544799
1.03867,181.008,81699,0.545463
1.03831,181.216,81659.2,0.546128
1.03795,181.425,81619.4,0.546794
1.03759,181.633,81579.5,0.547461
1.03722,181.842,81539.6,0.548129
1.03686,182.051,81499.5,0.548797
1.0365,182.26,81459.4,0.549467
1.03613,182.47,81419.3,0.550137
1.03576,182.679,81379,0.550808
1.0354,182.889,81338.7,0.551479
1.03503,183.099,81298.3,0.552152
1.03466,183.31,81257.8,0.552825
1.03429,183.52,81217.3,0.553499
1.03392,183.731,81176.7,0.554174
1.03355,183.942,81136,0.55485
1.03318,184.153,81095.3,0.555526
1.03281,184.364,81054.4,0.556204
1.03244,184.575,81013.5,0.556882
1.03207,184.787,80972.6,0.557561
1.03169,184.999,80931.5,0.558241
1.03132,185.211,80890.4,0.558921
1.03094,185.423,80849.2,0.559603
1.03057,185.636,80808,0.560285
1.03019,185.849,80766.7,0.560968
1.02981,186.062,80725.3,0.561652
1.02943,186.275,80683.8,0.562336
1.02906,186.488,80642.2,0.563022
1.02868,186.702,80600.6,0.563708
1.0283,186.915,80558.9,0.564395
1.02792,187.129,80517.2,0.565083
1.02753,187.344,80475.3,0.565772
1.02715,187.558,80433.4,0.566462
1.02677,187.773,80391.4,0.567152
1.02638,187.987,80349.4,0.567843
1.026,188.202,80307.3,0.568535
1.02561,188.418,80265.1,0.569228
1.02523,188.633,80222.8,0.569922
1.02484,188.849,80180.5,0.570616
1.02445,189.064,80138,0.571311
1.02407,189.28,80095.6,0.572007
1.02368,189.497,80053,0.572704
1.02329,189.713,80010.4,0.573402
1.0229,189.93,79967.7,0.574101
1.02251,190.147,79924.9,0.5748
1.02212,190.364,79882,0.5755
1.02172,190.581,79839.1,0.576201
1.02133,190.798,79796.1,0.576903
1.02094,191.016,79753,0.577605
1.02054,191.234,79709.9,0.578309
1.02015,191.452,79666.7,0.579013
1.01975,191.67,79623.4,0.579718
1.01935,191.889,79580,0.580424
1.01896,192.107,79536.6,0.581131
1.01856,192.326,79493.1,0.581838
1.01816,192.545,79449.5,0.582547
1.01776,192.765,79405.9,0.583256
1.01736,192.984,79362.2,0.583966
1.01696,193.204,79318.4,0.584677
1.01656,193.424,79274.5,0.585388
1.01615,193.644,79230.6,0.586101
1.01575,193.864,79186.6,0.586814
1.01535,194.084,79142.5,0.587528
1.01494,194.305,79098.3,0.588243
1.01454,194.526,79054.1,0.588959
1.01413,194.747,79009.8,0.589675
1.01372,194.968,78965.4,0.590393
1.01331,195.19,78921,0.591111
1.01291,195.411,78876.4,0.59183
1.0125,195.633,78831.8,0.59255
1.01209,195.855,78787.2,0.59327
1.01168,196.078,78742.4,0.593992
1.01126,196.3,78697.6,0.594714
1.01085,196.523,78652.8,0.595437
1.01044,196.746,78607.8,0.596161
1.01003,196.969,78562.8,0.596886
1.00961,197.192,78517.7,0.597611
1.0092,197.416,78472.5,0.598338
1.00878,197.639,78427.3,0.599065
1.00836,197.863,78381.9,0.599793
1.00795,198.087,78336.5,0.600522
1.00753,198.311,78291.1,0.601252
1.00711,198.536,78245.6,0.601982
1.00669,198.76,78199.9,0.602713
1.00627,198.985,78154.3,0.603446
1.00585,199.21,78108.5,0.604179
1.00543,199.436,78062.7,0.604912
1.00501,199.661,78016.8,0.605647
1.00458,199.887,77970.8,0.606382
1.00416,200.112,77924.8,0.607119
1.00373,200.338,77878.7,0.607856
1.00331,200.565,77832.5,0.608594
1.00288,200.791,77786.2,0.609332
1.00246,201.018,77739.9,0.610072
1.00203,201.244,77693.5,0.610812
1.0016,201.471,77647,0.611553
1.00117,201.699,77600.5,0.612295
1.00074,201.926,77553.9,0.613038
1.00031,202.154,77507.2,0.613782
0.999881,202.381,77460.4,0.614526
0.999449,202.609,77413.6,0.615272
0.999016,202.837,77366.7,0.616018
0.998583,203.066,77319.7,0.616765
0.998148,203.294,77272.7,0.617512
0.997713,203.523,77225.5,0.618261
0.997278,203.752,77178.3,0.61901
0.996841,203.981,77131.1,0.61976
0.996404,204.21,77083.7,0.620511
0.995967,204.44,77036.3,0.621263
0.995528,204.669,76988.9,0.622016
0.995089,204.899,76941.3,0.622769
0.994649,205.129,76893.7,0.623524
0.994208,205.359,76846,0.624279
0.993766,205.59,76798.2,0.625035
0.993324,205.82,76750.4,0.625791
0.992881,206.051,76702.5,0.626549
0.992437,206.282,76654.5,0.627307
0.991993,206.513,76606.5,0.628066
0.991548,206.745,76558.3,0.628826
0.991102,206.976,76510.1,0.629587
0.990655,207.208,76461.9,0.630349
0.990207,207.44,76413.6,0.631111
0.989759,207.672,76365.1,0.631875
0.98931,207.904,76316.7,0.632639
0.988861,208.137,76268.1,0.633404
0.98841,208.369,76219.5,0.634169
0.987959,208.602,76170.8,0.634936
0.987507,208.835,76122.1,0.635703
0.987055,209.068,76073.2,0.636471
0.986601,209.302,76024.3,0.63724
0.986147,209.535,75975.4,0.63801
0.985693,209.769,75926.3,0.638781
0.985237,210.003,75877.2,0.639552
0.984781,210.237,75828,0.640325
0.984324,210.471,75778.8,0.641098
0.983866,210.706,75729.5,0.641871
0.983408,210.94,75680.1,0.642646
0.982948,211.175,75630.6,0.643422
0.982488,211.41,75581.1,0.644198
0.982028,211.646,75531.5,0.644975
0.981566,211.881,75481.8,0.645753
0.981104,212.116,75432.1,0.646532
0.980641,212.352,75382.3,0.647311
0.980178,212.588,75332.4,0.648092
0.979713,212.824,75282.4,0.648873
0.979248,213.06,75232.4,0.649655
0.978782,213.297,75182.3,0.650438
0.978316,213.533,75132.2,0.651221
0.977849,213.77,75081.9,0.652006
0.977381,214.007,75031.6,0.652791
0.976912,214.244,74981.3,0.653577
0.976442,214.482,74930.9,0.654364
0.975972,214.719,74880.4,0.655151
0.975501,214.957,74829.8,0.65594
0.97503,215.195,74779.1,0.656729
0.974557,215.433,74728.4,0.657519
0.974084,215.671,74677.7,0.65831
0.97361,215.909,74626.8,0.659101
0.973136,216.148,74575.9,0.659894
0.97266,216.386,74524.9,0.660687
0.972184,216.625,74473.9,0.661481
0.971707,216.864,74422.7,0.662276
0.97123,217.104,74371.6,0.663072
0.970752,217.343,74320.3,0.663868
0.970273,217.583,74269,0.664666
0.969793,217.822,74217.6,0.665464
0.969313,218.062,74166.1,0.666263
0.968832,218.302,74114.6,0.667062
0.96835,218.542,74063,0.667863
0.967867,218.783,74011.4,0.668664
0.967384,219.023,73959.6,0.669466
0.9669,219.264,73907.9,0.670269
0.966415,219.505,73856,0.671073
0.96593,219.746,73804.1,0.671877
0.965443,219.987,73752.1,0.672682
0.964956,220.229,73700,0.673488
0.964469,220.47,73647.9,0.674295
0.963981,220.712,73595.7,0.675103
0.963491,220.954,73543.4,0.675911
0.963002,221.196,73491.1,0.67672
0.962511,221.438,73438.7,0.67753
0.96202,221.681,73386.3,0.678341
0.961528,221.923,73333.7,0.679153
0.961035,222.166,73281.1,0.679965
0.960542,222.409,73228.5,0.680778
0.960048,222.652,73175.8,0.681592
0.959553,222.895,73123,0.682407
0.959058,223.138,73070.1,0.683223
0.958561,223.382,73017.2,0.684039
0.958064,223.625,72964.2,0.684856
0.957567,223.869,72911.2,0.685674
0.957068,224.113,72858.1,0.686492
0.956569,224.357,72804.9,0.687312
0.95607,224.601,72751.7,0.688132
0.955569,224.846,72698.4,0.688953
0.955068,225.09,72645,0.689775
0.954566,225.335,72591.6,0.690597
0.954063,225.58,72538.1,0.691421
0.95356,225.825,72484.5,0.692245
0.953056,226.07,72430.9,0.69307
0.952551,226.316,72377.2,0.693895
0.952046,226.561,72323.5,0.694722
0.95154,226.807,72269.6,0.695549
0.951033,227.053,72215.8,0.696377
0.950525,227.299,72161.8,0.697206
0.950017,227.545,72107.8,0.698035
0.949508,227.791,72053.8,0.698866
0.948999,228.037,71999.6,0.699697
0.948488,228.284,71945.4,0.700529
0.947977,228.531,71891.2,0.701361
0.947466,228.778,71836.9,0.702195
0.946953,229.025,71782.5,0.703029
0.94644,229.272,71728.1,0.703864
0.945926,229.519,71673.6,0.704699
0.945412,229.766,71619,0.705536
0.944897,230.014,71564.4,0.706373
0.944381,230.262,71509.7,0.707211
0.943864,230.51,71455,0.708049
0.943347,230.758,71400.1,0.708889
0.942829,231.006,71345.3,0.709729
0.942311,231.254,71290.4,0.71057
0.941791,231.502,71235.4,0.711412
0.941271,231.751,71180.3,0.712254
0.940751,232,71125.2,0.713097
0.940229,232.249,71070.1,0.713941
0.939707,232.498,71014.8,0.714786
0.939185,232.747,70959.5,0.715632
0.938661,232.996,70904.2,0.716478
0.938137,233.245,70848.8,0.717325
0.937613,233.495,70793.3,0.718172
0.937087,233.744,70737.8,0.719021
0.936561,233.994,70682.2,0.71987
0.936035,234.244,70626.6,0.72072
0.935507,234.494,70570.9,0.721571
0.934979,234.744,70515.1,0.722422
0.93445,234.995,70459.3,0.723274
0.933921,235.245,70403.5,0.724127
0.933391,235.496,70347.5,0.724981
0.93286,235.746,70291.6,0.725835
0.932329,235.997,70235.5,0.72669
0.931797,236.248,70179.4,0.727546
0.931264,236.499,70123.3,0.728402
0.930731,236.751,70067.1,0.72926
0.930197,237.002,70010.8,0.730118
0.929662,237.253,69954.5,0.730976
0.929127,237.505,69898.1,0.731836
0.928591,237.757,69841.6,0.732696
0.928054,238.009,69785.2,0.733557
0.927517,238.26,69728.6,0.734418
0.926979,238.513,69672,0.73528
0.926441,238.765,69615.4,0.736143
0.925901,239.017,69558.7,0.737007
0.925362,239.27,69501.9,0.737872
0.924821,239.522,69445.1,0.738737
0.92428,239.775,69388.2,0.739603
0.923738,240.028,69331.3,0.740469
0.923196,240.28,69274.3,0.741336
0.922653,240.533,69217.3,0.742204
0.922109,240.787,69160.2,0.743073
0.921565,241.04,69103,0.743942
0.92102,241.293,69045.8,0.744812
0.920474,241.547,68988.6,0.745683
0.919928,241.8,68931.3,0.746555
0.919381,242.054,68874,0.747427
0.918834,242.308,68816.6,0.748299
0.918286,242.562,68759.1,0.749173
0.917737,242.816,68701.6,0.750047
0.917188,243.07,68644.1,0.750922
0.916638,243.324,68586.5,0.751798
0.916088,243.578,68528.8,0.752674
0.915537,243.833,68471.1,0.753551
0.914985,244.087,68413.4,0.754428
0.914433,244.342,68355.6,0.755306
0.91388,244.597,68297.7,0.756185
0.913326,244.852,68239.8,0.757065
0.912772,245.107,68181.8,0.757945
0.912217,245.362,68123.9,0.758826
0.911662,245.617,68065.8,0.759708
0.911106,245.872,68007.7,0.76059
0.910549,246.127,67949.6,0.761473
0.909992,246.383,67891.4,0.762356
0.909435,246.638,67833.1,0.763241
0.908876,246.894,67774.9,0.764126
0.908317,247.15,67716.5,0.765011
0.907758,247.406,67658.1,0.765897
0.907198,247.661,67599.7,0.766784
0.906637,247.917,67541.2,0.767671
0.906076,248.174,67482.7,0.76856
0.905514,248.43,67424.2,0.769448
0.904952,248.686,67365.6,0.770338
0.904389,248.942,67306.9,0.771228
0.903826,249.199,67248.2,0.772118
0.903262,249.455,67189.5,0.773009
0.902697,249.712,67130.7,0.773901
0.902132,249.969,67071.9,0.774794
0.901566,250.225,67013,0.775687
0.901,250.482,66954.1,0.776581
0.900433,250.739,66895.1,0.777475
0.899866,250.996,66836.1,0.77837
0.899298,251.253,66777.1,0.779265
0.898729,251.51,66718,0.780161
0.89816,251.767,66658.9,0.781058
0.897591,252.025,66599.7,0.781956
0.897021,252.282,66540.5,0.782854
0.89645,252.539,66481.3,0.783752
0.895879,252.797,66422,0.784651
0.895307,253.055,66362.7,0.785551
0.894735,253.312,66303.3,0.786451
0.894162,253.57,66243.9,0.787352
0.893589,253.828,66184.4,0.788253
0.893015,254.085,66125,0.789156
0.892441,254.343,66065.4,0.790058
0.891866,254.601,66005.9,0.790961
0.891291,254.859,65946.3,0.791865
0.890715,255.117,65886.7,0.792769
0.890139,255.376,65827,0.793674
0.889562,255.634,65767.3,0.794579
0.888985,255.892,65707.5,0.795485
0.888407,256.15,65647.8,0.796392
0.887829,256.409,65587.9,0.797299
0.88725,256.667,65528.1,0.798206
0.88667,256.925,65468.2,0.799115
0.886091,257.184,65408.3,0.800023
0.885511,257.443,65348.3,0.800932
0.88493,257.701,65288.4,0.801842
0.884349,257.96,65228.4,0.802752
0.883767,258.218,65168.3,0.803663
0.883185,258.477,65108.2,0.804574
0.882602,258.736,65048.1,0.805486
0.882019,258.995,64988,0.806398
0.881436,259.254,64927.8,0.807311
0.880852,259.512,64867.6,0.808224
0.880267,259.771,64807.3,0.809138
0.879683,260.03,64747.1,0.810052
0.879097,260.289,64686.8,0.810967
0.878512,260.548,64626.5,0.811882
0.877926,260.807,64566.1,0.812797
0.877339,261.066,64505.7,0.813713
0.876752,261.325,64445.3,0.81463
0.876165,261.585,64384.9,0.815547
0.875577,261.844,64324.4,0.816464
0.874989,262.103,64263.9,0.817382
0.8744,262.362,64203.4,0.818301
0.873811,262.621,64142.9,0.819219
0.873221,262.88,64082.3,0.820139
0.872632,263.14,64021.7,0.821058
0.872041,263.399,63961.1,0.821978
0.871451,263.658,63900.5,0.822899
0.87086,263.917,63839.8,0.82382
0.870268,264.177,63779.1,0.824741
0.869676,264.436,63718.4,0.825663
0.869084,264.695,63657.7,0.826585
0.868492,264.954,63597,0.827507
0.867899,265.214,63536.2,0.82843
0.867306,265.473,63475.4,0.829353
0.866712,265.732,63414.6,0.830277
0.866118,265.991,63353.8,0.831201
0.865524,266.251,63292.9,0.832125
0.864929,266.51,63232.1,0.83305
0.864334,266.769,63171.2,0.833975
0.863739,267.028,63110.3,0.8349
0.863144,267.288,63049.4,0.835826
0.862548,267.547,62988.5,0.836752
0.861952,267.806,62927.5,0.837678
0.861355,268.065,62866.6,0.838605
0.860758,268.324,62805.6,0.839532
0.860161,268.583,62744.6,0.840459
0.859564,268.842,62683.6,0.841387
0.858966,269.101,62622.6,0.842315
0.858368,269.36,62561.6,0.843243
0.85777,269.619,62500.6,0.844171
0.857171,269.878,62439.5,0.8451
0.856572,270.137,62378.5,0.846029
0.855973,270.396,62317.4,0.846958
0.855374,270.655,62256.3,0.847887
0.854775,270.914,62195.3,0.848817
0.854175,271.172,62134.2,0.849746
0.853575,271.431,62073.1,0.850676
0.852975,271.689,62012,0.851607
0.852374,271.948,61950.9,0.852537
0.851774,272.206,61889.8,0.853468
0.851173,272.465,61828.7,0.854398
0.850572,272.723,61767.6,0.855329
0.84997,272.982,61706.5,0.85626
0.849369,273.24,61645.3,0.857192
0.848767,273.498,61584.2,0.858123
0.848166,273.756,61523.1,0.859054
0.847564,274.014,61462,0.859986
0.846962,274.272,61400.9,0.860918
0.846359,274.53,61339.8,0.86185
0.845757,274.787,61278.7,0.862781
0.845155,275.045,61217.6,0.863713
0.844552,275.302,61156.5,0.864645
0.843949,275.56,61095.4,0.865577
0.843346,275.817,61034.3,0.86651
0.842744,276.074,60973.2,0.867442
0.84214,276.331,60912.1,0.868374
0.841537,276.588,60851.1,0.869306
0.840934,276.845,60790,0.870238
0.840331,277.102,60729,0.87117
0.839728,277.359,60668,0.872102
0.839124,277.615,60607,0.873034
0.838521,277.872,60546,0.873966
0.837918,278.128,60485,0.874898
0.837314,278.384,60424,0.87583
0.836711,278.64,60363,0.876761
0.836107,278.896,60302.1,0.877693
0.835504,279.151,60241.2,0.878624
0.834901,279.407,60180.3,0.879556
0.834297,279.662,60119.4,0.880487
0.833694,279.917,60058.6,0.881418
0.833091,280.172,59997.8,0.882348
0.832488,280.427,59936.9,0.883279
0.831884,280.682,59876.2,0.884209
0.831281,280.936,59815.4,0.885139
0.830679,281.191,59754.7,0.886069
0.830076,281.445,59694,0.886998
0.829473,281.699,59633.3,0.887927
0.828871,281.952,59572.7,0.888856
0.828268,282.206,59512.1,0.889784
0.827666,282.459,59451.6,0.890712
0.827064,282.712,59391,0.89164
0.826462,282.965,59330.5,0.892567
0.825861,283.218,59270.1,0.893494
0.825259,283.47,59209.7,0.894421
0.824658,283.722,59149.3,0.895347
0.824057,283.974,59089,0.896272
0.823457,284.225,59028.7,0.897197
0.822857,284.477,58968.5,0.898121
0.822257,284.728,58908.3,0.899045
0.821657,284.979,58848.2,0.899968
0.821058,285.229,58788.1,0.900891
0.820459,285.479,58728,0.901813
0.81986,285.729,58668.1,0.902734
0.819262,285.979,58608.1,0.903655
0.818664,286.228,58548.3,0.904575
0.818066,286.477,58488.5,0.905494
0.81747,286.726,58428.7,0.906412
0.816873,286.974,58369.1,0.907329
0.816277,287.222,58309.4,0.908246
0.815682,287.47,58249.9,0.909162
0.815087,287.717,58190.4,0.910077
0.814492,287.964,58131,0.91099
0.813898,288.211,58071.7,0.911903
0.813305,288.457,58012.4,0.912815
0.812712,288.703,57953.3,0.913726
0.81212,288.948,57894.2,0.914636
0.811529,289.193,57835.2,0.915544
0.810938,289.437,57776.3,0.916452
0.810349,289.681,57717.4,0.917358
0.809759,289.925,57658.7,0.918263
0.809171,290.168,57600,0.919166
0.808583,290.411,57541.5,0.920069
0.807997,290.653,57483.1,0.92097
0.807411,290.894,57424.7,0.921869
0.806826,291.136,57366.5,0.922767
0.806242,291.376,57308.3,0.923664
0.805658,291.616,57250.3,0.924558
0.805076,291.856,57192.4,0.925452
0.804495,292.095,57134.6,0.926343
0.803915,292.333,57077,0.927233
0.803336,292.571,57019.4,0.928121
0.802758,292.808,56962,0.929007
0.802182,293.045,56904.7,0.929891
0.801606,293.281,56847.6,0.930773
0.801032,293.516,56790.6,0.931653
0.800459,293.751,56733.7,0.932531
0.799887,293.984,56677,0.933407
0.799317,294.218,56620.5,0.934281
0.798748,294.45,56564.1,0.935152
0.798181,294.682,56507.8,0.936021
0.797615,294.913,56451.8,0.936887
0.797051,295.143,56395.9,0.937751
0.796489,295.372,56340.2,0.938612
0.795928,295.6,56284.6,0.93947
0.795369,295.828,56229.3,0.940326
0.794811,296.055,56174.1,0.941178
0.794256,296.28,56119.2,0.942028
0.793702,296.505,56064.4,0.942874
0.79315,296.729,56009.9,0.943717
0.792601,296.952,55955.5,0.944557
0.792053,297.174,55901.4,0.945393
0.791508,297.395,55847.6,0.946226
0.790965,297.615,55793.9,0.947055
0.790424,297.833,55740.5,0.94788
0.789886,298.051,55687.4,0.948702
0.78935,298.267,55634.5,0.949519
0.788817,298.482,55581.9,0.950332
0.788287,298.696,55529.6,0.951141
0.787759,298.908,55477.5,0.951945
0.787234,299.12,55425.8,0.952745
0.786712,299.329,55374.4,0.95354
0.786193,299.538,55323.2,0.95433
0.785677,299.745,55272.4,0.955115
0.785164,299.95,55221.9,0.955894
0.784655,300.154,55171.8,0.956668
0.78415,300.357,55122,0.957436
0.783648,300.557,55072.6,0.958199
0.783149,300.756,55023.6,0.958955
0.782655,300.953,54975,0.959705
0.782165,301.149,54926.8,0.960449
0.781678,301.342,54879,0.961185
0.781196,301.534,54831.6,0.961915
0.780719,301.723,54784.7,0.962637
0.780246,301.911,54738.3,0.963352
0.779778,302.096,54692.3,0.964059
0.779315,302.279,54646.9,0.964758
0.778857,302.46,54601.9,0.965449
0.778405,302.639,54557.5,0.96613
0.777958,302.815,54513.7,0.966803
0.777517,302.988,54470.4,0.967467
0.777082,303.159,54427.7,0.96812
0.776653,303.327,54385.7,0.968764
0.776231,303.492,54344.3,0.969396
0.775815,303.654,54303.6,0.970018
0.775407,303.813,54263.5,0.970629
0.775005,303.969,54224.2,0.971228
0.774612,304.122,54185.7,0.971814
0.774226,304.271,54147.9,0.972388
0.773848,304.416,54110.9,0.972948
0.77348,304.558,54074.8,0.973494
0.77312,304.696,54039.6,0.974026
0.772769,304.83,54005.3,0.974542
0.772428,304.96,53972,0.975043
0.772097,305.085,53939.6,0.975528
0.771777,305.206,53908.3,0.975995
0.771468,305.322,53878.1,0.976444
0.771171,305.433,53849,0.976875
0.770885,305.539,53821.1,0.977287
0.770612,305.64,53794.4,0.977678
0.770353,305.735,53769,0.978047
0.770107,305.824,53745,0.978395
0.769875,305.907,53722.4,0.978719
0.769658,305.984,53701.2,0.979019
0.769458,306.054,53681.6,0.979294
0.769273,306.117,53663.6,0.979543
0.769106,306.172,53647.2,0.979764
0.768956,306.22,53632.6,0.979956
0.768826,306.261,53619.9,0.980118
0.768715,306.293,53609,0.980249
0.768624,306.316,53600.2,0.980347
0.768554,306.331,53593.4,0.980411
0.768507,306.336,53588.7,0.980439
0.768482,306.331,53586.4,0.980431
0.768482,306.317,53586.3,0.980385
0.768506,306.292,53588.7,0.980299
0.768556,306.256,53593.5,0.980173
0.768632,306.21,53601,0.980004
0.768735,306.152,53611.1,0.979792
0.768867,306.082,53623.9,0.979536
0.769027,306,53639.6,0.979233
0.769217,305.906,53658.1,0.978885
0.769436,305.8,53679.5,0.978488
0.769686,305.681,53703.9,0.978044
0.769966,305.55,53731.3,0.977552
0.770278,305.405,53761.7,0.977011
0.77062,305.248,53795.1,0.976422
0.770993,305.078,53831.6,0.975784
0.771396,304.896,53871,0.975098
0.771829,304.701,53913.4,0.974365
0.772292,304.494,53958.7,0.973586
0.772784,304.275,54006.8,0.972762
0.773304,304.044,54057.6,0.971895
0.77385,303.803,54111.1,0.970985
0.774423,303.55,54167.2,0.970036
0.77502,303.288,54225.7,0.969048
0.775641,303.016,54286.5,0.968024
0.776283,302.735,54349.5,0.966967
0.776947,302.446,54414.5,0.965877
0.77763,302.148,54481.5,0.964758
0.77833,301.844,54550.2,0.963612
0.779047,301.532,54620.6,0.96244
0.77978,301.215,54692.5,0.961246
0.780526,300.892,54765.8,0.960031
0.781284,300.564,54840.3,0.958798
0.782054,300.231,54916,0.957548
0.782834,299.894,54992.7,0.956282
0.783623,299.553,55070.3,0.955004
0.78442,299.21,55148.7,0.953714
0.785224,298.863,55227.9,0.952414
0.786034,298.514,55307.7,0.951106
0.78685,298.163,55388,0.94979
0.78767,297.81,55468.8,0.948468
0.788493,297.455,55550,0.947141
0.78932,297.1,55631.5,0.94581
0.790149,296.743,55713.4,0.944477
0.79098,296.386,55795.4,0.943141
0.791812,296.028,55877.6,0.941803
0.792646,295.669,55960,0.940465
0.79348,295.31,56042.5,0.939126
0.794314,294.952,56125,0.937788
0.795148,294.593,56207.5,0.936451
0.795982,294.234,56290.1,0.935115
0.796815,293.876,56372.6,0.93378
0.797647,293.518,56455,0.932448
0.798479,293.16,56537.4,0.931118
0.799309,292.803,56619.7,0.929791
0.800137,292.447,56701.9,0.928466
0.800964,292.091,56783.9,0.927144
0.801789,291.735,56865.8,0.925826
0.802612,291.381,56947.6,0.924511
0.803434,291.027,57029.2,0.9232
0.804253,290.674,57110.7,0.921892
0.80507,290.322,57191.9,0.920588
0.805885,289.971,57273,0.919288
0.806698,289.62,57353.9,0.917991
0.807509,289.27,57434.6,0.916699
0.808317,288.922,57515.1,0.91541
0.809123,288.574,57595.4,0.914126
0.809927,288.227,57675.5,0.912845
0.810728,287.881,57755.4,0.911569
0.811527,287.535,57835.1,0.910297
0.812323,287.191,57914.6,0.909028
0.813117,286.848,57993.9,0.907764
0.813909,286.505,58072.9,0.906504
0.814698,286.164,58151.8,0.905248
0.815485,285.823,58230.4,0.903996
0.816269,285.483,58308.8,0.902748
0.817051,285.145,58387.1,0.901503
0.81783,284.807,58465.1,0.900263
0.818608,284.47,58542.9,0.899027
0.819382,284.133,58620.5,0.897794
0.820155,283.798,58697.8,0.896566
0.820925,283.464,58775,0.895341
0.821693,283.13,58852,0.89412
0.822458,282.797,58928.8,0.892903
0.823221,282.465,59005.3,0.89169
0.823982,282.134,59081.7,0.89048
0.824741,281.804,59157.9,0.889274
0.825497,281.474,59233.9,0.888071
0.826252,281.146,59309.7,0.886872
0.827004,280.818,59385.3,0.885676
0.827753,280.491,59460.7,0.884484
0.828501,280.164,59535.9,0.883296
0.829247,279.839,59610.9,0.88211
0.82999,279.514,59685.7,0.880929
0.830732,279.19,59760.4,0.87975
0.831471,278.866,59834.9,0.878575
0.832208,278.544,59909.2,0.877403
0.832944,278.222,59983.3,0.876234
0.833677,277.901,60057.2,0.875068
0.834408,277.58,60131,0.873905
0.835138,277.26,60204.6,0.872746
0.835865,276.941,60278,0.871589
0.83659,276.622,60351.3,0.870435
0.837314,276.305,60424.4,0.869285
0.838036,275.987,60497.3,0.868137
0.838756,275.671,60570.1,0.866992
0.839474,275.355,60642.7,0.86585
0.84019,275.039,60715.2,0.864711
0.840905,274.725,60787.5,0.863575
0.841617,274.411,60859.7,0.862441
0.842328,274.097,60931.6,0.86131
0.843038,273.784,61003.5,0.860182
0.843745,273.472,61075.2,0.859056
0.844451,273.16,61146.7,0.857933
0.845155,272.848,61218.2,0.856812
0.845858,272.538,61289.4,0.855694
0.846559,272.228,61360.5,0.854579
0.847258,271.918,61431.5,0.853466
0.847956,271.609,61502.4,0.852355
0.848652,271.3,61573.1,0.851247
0.849347,270.992,61643.6,0.850141
0.85004,270.684,61714.1,0.849037
0.850731,270.377,61784.4,0.847936
0.851422,270.071,61854.6,0.846837
0.85211,269.764,61924.6,0.84574
0.852797,269.459,61994.6,0.844645
0.853483,269.154,62064.4,0.843553
0.854167,268.849,62134,0.842463
0.85485,268.544,62203.6,0.841375
0.855532,268.241,62273,0.840289
0.856212,267.937,62342.4,0.839205
0.856891,267.634,62411.6,0.838123
0.857568,267.332,62480.7,0.837043
0.858244,267.029,62549.6,0.835965
0.858919,266.728,62618.5,0.834889
0.859592,266.426,62687.3,0.833814
0.860265,266.125,62755.9,0.832742
0.860936,265.824,62824.5,0.831672
0.861605,265.524,62892.9,0.830603
0.862274,265.224,62961.3,0.829536
0.862941,264.925,63029.5,0.828471
0.863608,264.626,63097.6,0.827408
0.864273,264.327,63165.7,0.826346
0.864937,264.028,63233.6,0.825286
0.8656,263.73,63301.5,0.824228
0.866261,263.432,63369.3,0.823171
0.866922,263.135,63436.9,0.822116
0.867582,262.838,63504.5,0.821063
0.86824,262.541,63572,0.820011
0.868898,262.244,63639.5,0.81896
0.869554,261.948,63706.8,0.817911
0.87021,261.652,63774.1,0.816864
0.870865,261.356,63841.3,0.815817
0.871518,261.06,63908.4,0.814773
0.872171,260.765,63975.4,0.813729
0.872823,260.47,64042.4,0.812687
0.873474,260.175,64109.2,0.811646
0.874124,259.881,64176.1,0.810607
0.874774,259.586,64242.8,0.809568
0.875422,259.292,64309.5,0.808531
0.87607,258.998,64376.1,0.807495
0.876717,258.705,64442.7,0.806461
0.877363,258.411,64509.2,0.805427
0.878008,258.118,64575.7,0.804395
0.878653,257.825,64642.1,0.803363
0.879297,257.532,64708.4,0.802333
0.87994,257.239,64774.7,0.801304
0.880582,256.947,64840.9,0.800276
0.881224,256.654,64907.1,0.799249
0.881865,256.362,64973.2,0.798222
0.882506,256.07,65039.3,0.797197
0.883145,255.778,65105.3,0.796173
0.883784,255.487,65171.3,0.79515
0.884423,255.195,65237.2,0.794128
0.885061,254.904,65303.1,0.793107
0.885698,254.612,65368.9,0.792087
0.886334,254.321,65434.7,0.791068
0.88697,254.03,65500.4,0.79005
0.887605,253.74,65566,0.789032
0.888239,253.449,65631.7,0.788016
0.888873,253.159,65697.2,0.787001
0.889506,252.869,65762.7,0.785987
0.890138,252.579,65828.2,0.784974
0.890769,252.289,65893.6,0.783962
0.8914,251.999,65958.9,0.782951
0.89203,251.71,66024.2,0.781941
0.892659,251.421,66089.4,0.780933
0.893288,251.132,66154.6,0.779925
0.893915,250.843,66219.6,0.778919
0.894542,250.554,66284.6,0.777914
0.895167,250.266,66349.6,0.77691
0.895792,249.978,66414.4,0.775908
0.896416,249.69,66479.2,0.774907
0.897039,249.403,66543.8,0.773907
0.89766,249.116,66608.4,0.772909
0.898281,248.829,66672.9,0.771912
0.898901,248.542,66737.3,0.770917
0.899519,248.256,66801.6,0.769923
0.900137,247.97,66865.8,0.768931
0.900753,247.684,66929.9,0.76794
0.901368,247.399,66993.9,0.766951
0.901981,247.114,67057.8,0.765964
0.902594,246.83,67121.5,0.764978
0.903205,246.546,67185.2,0.763995
0.903814,246.262,67248.7,0.763013
0.904422,245.979,67312,0.762033
0.905029,245.696,67375.3,0.761055
0.905635,245.414,67438.4,0.760079
0.906239,245.132,67501.4,0.759104
0.906841,244.851,67564.2,0.758132
0.907442,244.57,67626.9,0.757162
0.908042,244.289,67689.5,0.756193
0.908639,244.009,67751.9,0.755227
0.909236,243.73,67814.1,0.754263
0.90983,243.451,67876.3,0.753301
0.910424,243.172,67938.2,0.752341
0.911015,242.894,68000,0.751383
0.911605,242.617,68061.7,0.750427
0.912193,242.34,68123.2,0.749473
0.91278,242.063,68184.5,0.748522
0.913365,241.787,68245.7,0.747572
0.913948,241.511,68306.8,0.746625
0.91453,241.236,68367.7,0.745679
0.91511,240.962,68428.4,0.744736
0.915689,240.688,68489,0.743795
0.916266,240.414,68549.4,0.742856
0.916841,240.141,68609.7,0.741919
0.917414,239.868,68669.8,0.740984
0.917986,239.596,68729.7,0.740051
0.918557,239.324,68789.6,0.73912
0.919126,239.053,68849.2,0.738191
0.919693,238.783,68908.7,0.737264
0.920259,238.512,68968.1,0.736339
0.920823,238.243,69027.3,0.735416
0.921386,237.973,69086.4,0.734495
0.921947,237.704,69145.3,0.733576
0.922507,237.436,69204.1,0.732658
0.923065,237.168,69262.7,0.731743
0.923622,236.9,69321.2,0.730829
0.924177,236.633,69379.6,0.729917
0.924731,236.367,69437.8,0.729007
0.925284,236.1,69495.9,0.728099
0.925835,235.835,69553.9,0.727192
0.926384,235.569,69611.7,0.726288
0.926933,235.304,69669.4,0.725384
0.92748,235.039,69727,0.724483
0.928026,234.775,69784.5,0.723583
0.92857,234.511,69841.8,0.722685
0.929113,234.248,69899,0.721788
0.929655,233.984,69956.1,0.720893
0.930196,233.722,70013.1,0.72
0.930735,233.459,70069.9,0.719108
0.931273,233.197,70126.6,0.718218
0.93181,232.935,70183.2,0.717329
0.932346,232.674,70239.7,0.716441
0.93288,232.413,70296.1,0.715555
0.933413,232.152,70352.4,0.714671
0.933946,231.892,70408.6,0.713787
0.934477,231.631,70464.6,0.712906
0.935007,231.372,70520.6,0.712025
0.935535,231.112,70576.5,0.711146
0.936063,230.853,70632.2,0.710269
0.93659,230.594,70687.8,0.709392
0.937115,230.336,70743.4,0.708517
0.93764,230.077,70798.8,0.707644
0.938163,229.819,70854.2,0.706771
0.938685,229.562,70909.4,0.7059
0.939206,229.304,70964.5,0.70503
0.939727,229.047,71019.6,0.704162
0.940246,228.79,71074.5,0.703294
0.940764,228.534,71129.4,0.702428
0.941281,228.277,71184.2,0.701563
0.941797,228.021,71238.8,0.7007
0.942313,227.766,71293.4,0.699837
0.942827,227.51,71347.9,0.698976
0.94334,227.255,71402.3,0.698116
0.943852,227,71456.6,0.697257
0.944364,226.745,71510.8,0.696399
0.944874,226.491,71564.9,0.695542
0.945383,226.237,71618.9,0.694687
0.945892,225.983,71672.8,0.693832
0.946399,225.729,71726.7,0.692979
0.946906,225.476,71780.5,0.692127
0.947411,225.222,71834.1,0.691276
0.947916,224.969,71887.7,0.690426
0.94842,224.717,71941.2,0.689577
0.948923,224.464,71994.6,0.68873
0.949425,224.212,72048,0.687883
0.949926,223.96,72101.2,0.687037
0.950426,223.708,72154.4,0.686193
0.950925,223.457,72207.5,0.68535
0.951424,223.206,72260.4,0.684507
0.951921,222.955,72313.4,0.683666
0.952418,222.704,72366.2,0.682826
0.952913,222.454,72418.9,0.681987
0.953408,222.203,72471.6,0.681149
0.953902,221.953,72524.1,0.680312
0.954395,221.703,72576.6,0.679476
0.954887,221.454,72629.1,0.678641
0.955378,221.204,72681.4,0.677807
0.955869,220.955,72733.6,0.676974
0.956358,220.706,72785.8,0.676142
0.956847,220.458,72837.9,0.675311
0.957335,220.209,72889.9,0.674481
0.957822,219.961,72941.8,0.673652
0.958308,219.713,72993.6,0.672825
0.958793,219.465,73045.4,0.671998
0.959277,219.218,73097.1,0.671172
0.959761,218.97,73148.7,0.670347
0.960244,218.723,73200.2,0.669524
0.960726,218.477,73251.6,0.668701
0.961207,218.23,73303,0.667879
0.961687,217.984,73354.3,0.667058
0.962166,217.737,73405.5,0.666239
0.962644,217.491,73456.6,0.66542
0.963122,217.246,73507.6,0.664602
0.963599,217,73558.6,0.663785
0.964075,216.755,73609.4,0.66297
0.96455,216.51,73660.2,0.662155
0.965024,216.265,73711,0.661341
0.965498,216.02,73761.6,0.660528
0.96597,215.776,73812.2,0.659716
0.966442,215.532,73862.7,0.658905
0.966913,215.288,73913.1,0.658095
0.967383,215.044,73963.4,0.657286
0.967852,214.801,74013.6,0.656478
0.968321,214.557,74063.8,0.655671
0.968788,214.314,74113.9,0.654865
0.969255,214.072,74163.9,0.65406
0.969721,213.829,74213.8,0.653256
0.970186,213.587,74263.7,0.652453
0.970651,213.344,74313.5,0.651651
0.971114,213.103,74363.2,0.65085
0.971577,212.861,74412.8,0.65005
0.972039,212.619,74462.3,0.64925
0.9725,212.378,74511.8,0.648452
0.97296,212.137,74561.2,0.647655
0.973419,211.896,74610.5,0.646858
0.973878,211.656,74659.7,0.646063
0.974336,211.415,74708.8,0.645268
0.974793,211.175,74757.9,0.644475
0.975249,210.935,74806.9,0.643682
0.975704,210.695,74855.8,0.642891
0.976159,210.456,74904.7,0.6421
0.976613,210.216,74953.4,0.64131
0.977066,209.977,75002.1,0.640522
0.977518,209.739,75050.7,0.639734
0.977969,209.5,75099.2,0.638947
0.97842,209.262,75147.7,0.638161
0.978869,209.023,75196,0.637376
0.979318,208.785,75244.3,0.636592
0.979766,208.548,75292.5,0.635809
0.980214,208.31,75340.7,0.635027
0.98066,208.073,75388.7,0.634245
0.981106,207.836,75436.7,0.633465
0.981551,207.599,75484.6,0.632686
0.981995,207.362,75532.4,0.631907
0.982438,207.126,75580.2,0.63113
0.98288,206.89,75627.9,0.630353
0.983322,206.654,75675.5,0.629578
0.983763,206.418,75723,0.628803
0.984203,206.182,75770.4,0.628029
0.984642,205.947,75817.8,0.627257
0.985081,205.712,75865.1,0.626485
0.985519,205.477,75912.3,0.625714
0.985955,205.242,75959.4,0.624944
0.986392,205.008,76006.4,0.624175
0.986827,204.774,76053.4,0.623407
0.987261,204.54,76100.3,0.622639
0.987695,204.306,76147.1,0.621873
0.988128,204.072,76193.9,0.621108
0.98856,203.839,76240.5,0.620343
0.988992,203.606,76287.1,0.61958
0.989422,203.373,76333.6,0.618817
0.989852,203.141,76380.1,0.618056
0.990281,202.908,76426.4,0.617295
0.990709,202.676,76472.7,0.616535
0.991137,202.444,76518.9,0.615776
0.991563,202.212,76565,0.615018
0.991989,201.981,76611.1,0.614261
0.992414,201.749,76657.1,0.613505
0.992838,201.518,76703,0.61275
0.993262,201.287,76748.8,0.611996
0.993684,201.057,76794.5,0.611242
0.994106,200.826,76840.2,0.61049
0.994528,200.596,76885.8,0.609738
0.994948,200.366,76931.3,0.608988
0.995367,200.136,76976.7,0.608238
0.995786,199.907,77022.1,0.607489
0.996204,199.677,77067.3,0.606741
0.996621,199.448,77112.5,0.605995
0.997038,199.219,77157.7,0.605249
0.997454,198.991,77202.7,0.604503
0.997869,198.762,77247.7,0.603759
0.998283,198.534,77292.6,0.603016
0.998696,198.306,77337.4,0.602274
0.999109,198.078,77382.1,0.601532
0.99952,197.851,77426.8,0.600791
0.999931,197.623,77471.4,0.600052
1.00034,197.396,77515.9,0.599313
1.00075,197.169,77560.4,0.598575
1.00116,196.943,77604.7,0.597838
1.00157,196.716,77649,0.597102
1.00197,196.49,77693.2,0.596367
1.00238,196.264,77737.3,0.595633
1.00279,196.038,77781.4,0.5949
1.00319,195.813,77825.4,0.594167
1.0036,195.588,77869.3,0.593436
1.004,195.363,77913.1,0.592705
1.0044,195.138,77956.8,0.591975
1.0048,194.913,78000.5,0.591247
1.0052,194.689,78044.1,0.590519
1.0056,194.464,78087.6,0.589792
1.006,194.24,78131.1,0.589066
1.0064,194.017,78174.4,0.58834
1.0068,193.793,78217.7,0.587616
1.0072,193.57,78260.9,0.586893
1.00759,193.347,78304.1,0.58617
1.00799,193.124,78347.1,0.585449
1.00839,192.901,78390.1,0.584728
1.00878,192.679,78433,0.584008
1.00917,192.457,78475.9,0.583289
1.00957,192.235,78518.6,0.582571
1.00996,192.013,78561.3,0.581854
1.01035,191.792,78603.9,0.581138
1.01074,191.57,78646.5,0.580423
1.01113,191.349,78688.9,0.579708
1.01152,191.129,78731.3,0.578994
1.01191,190.908,78773.6,0.578282
1.01229,190.688,78815.8,0.57757
1.01268,190.467,78858,0.576859
1.01307,190.247,78900.1,0.576149
1.01345,190.028,78942.1,0.57544
1.01383,189.808,78984,0.574732
1.01422,189.589,79025.8,0.574024
1.0146,189.37,79067.6,0.573318
1.01498,189.151,79109.3,0.572612
1.01536,188.933,79150.9,0.571908
1.01574,188.714,79192.5,0.571204
1.01612,188.496,79234,0.570501
1.0165,188.278,79275.4,0.569799
1.01688,188.061,79316.7,0.569098
1.01726,187.843,79357.9,0.568398
1.01764,187.626,79399.1,0.567698
1.01801,187.409,79440.2,0.567
1.01839,187.192,79481.2,0.566302
1.01876,186.976,79522.2,0.565605
1.01914,186.759,79563.1,0.564909
1.01951,186.543,79603.9,0.564214
1.01988,186.327,79644.6,0.56352
1.02025,186.112,79685.3,0.562827
1.02063,185.896,79725.8,0.562135
1.021,185.681,79766.3,0.561443
1.02136,185.466,79806.8,0.560752
1.02173,185.251,79847.1,0.560063
1.0221,185.037,79887.4,0.559374
1.0221,185.037,80000,0.55898
