0
0.002
502
20000
1.02495,183.974,81292.3,0.5521
1.02495,184.163,81292.3,0.552669
1.02423,184.587,81212.2,0.554019
1.0235,185.013,81131.5,0.555376
1.02277,185.44,81050.6,0.556737
1.02204,185.868,80969.3,0.558101
1.0213,186.296,80887.8,0.559468
1.02056,186.726,80805.9,0.560838
1.01982,187.156,80723.8,0.562212
1.01908,187.587,80641.3,0.56359
1.01833,188.019,80558.6,0.564971
1.01758,188.452,80475.5,0.566355
1.01682,188.886,80392.2,0.567742
1.01607,189.32,80308.6,0.569133
1.01531,189.756,80224.6,0.570528
1.01455,190.192,80140.4,0.571925
1.01378,190.63,80055.8,0.573327
1.01301,191.068,79971,0.574731
1.01224,191.507,79885.9,0.576139
1.01147,191.947,79800.4,0.577551
1.01069,192.387,79714.7,0.578966
1.00991,192.829,79628.7,0.580384
1.00913,193.271,79542.3,0.581806
1.00835,193.715,79455.7,0.583231
1.00756,194.159,79368.8,0.58466
1.00676,194.604,79281.5,0.586092
1.00597,195.05,79194,0.587528
1.00517,195.497,79106.1,0.588967
1.00437,195.944,79018,0.590409
1.00357,196.393,78929.5,0.591855
1.00276,196.842,78840.8,0.593305
1.00195,197.293,78751.7,0.594758
1.00114,197.744,78662.4,0.596214
1.00032,198.196,78572.7,0.597674
0.999506,198.648,78482.8,0.599138
0.998684,199.102,78392.5,0.600604
0.99786,199.557,78302,0.602075
0.997032,200.012,78211.1,0.603549
0.996201,200.468,78119.9,0.605026
0.995368,200.925,78028.5,0.606507
0.994531,201.383,77936.7,0.607991
0.993691,201.842,77844.6,0.609479
0.992848,202.301,77752.2,0.61097
0.992003,202.762,77659.6,0.612465
0.991154,203.223,77566.6,0.613963
0.990302,203.685,77473.3,0.615465
0.989447,204.148,77379.7,0.616971
0.988588,204.612,77285.8,0.61848
0.987727,205.077,77191.6,0.619992
0.986863,205.542,77097.1,0.621508
0.985996,206.009,77002.3,0.623027
0.985126,206.476,76907.2,0.62455
0.984252,206.944,76811.8,0.626077
0.983376,207.413,76716.1,0.627607
0.982496,207.882,76620.1,0.62914
0.981613,208.353,76523.8,0.630677
0.980728,208.824,76427.2,0.632218
0.979839,209.296,76330.3,0.633762
0.978947,209.769,76233.1,0.63531
0.978052,210.243,76135.6,0.636861
0.977154,210.718,76037.8,0.638416
0.976253,211.193,75939.6,0.639974
0.975349,211.669,75841.2,0.641536
0.974441,212.146,75742.5,0.643101
0.973531,212.624,75643.5,0.64467
0.972617,213.103,75544.2,0.646243
0.971701,213.582,75444.6,0.647819
0.970781,214.063,75344.7,0.649398
0.969858,214.544,75244.5,0.650981
0.968933,215.026,75144,0.652568
0.968004,215.508,75043.2,0.654158
0.967072,215.992,74942.1,0.655752
0.966136,216.476,74840.7,0.65735
0.965198,216.961,74739,0.65895
0.964257,217.447,74637,0.660555
0.963312,217.934,74534.7,0.662163
0.962365,218.421,74432.1,0.663775
0.961414,218.91,74329.2,0.66539
0.96046,219.399,74226.1,0.667008
0.959504,219.888,74122.6,0.668631
0.958544,220.379,74018.8,0.670257
0.957581,220.87,73914.8,0.671886
0.956615,221.363,73810.4,0.673519
0.955645,221.856,73705.8,0.675156
0.954673,222.349,73600.9,0.676796
0.953698,222.844,73495.7,0.678439
0.952719,223.339,73390.2,0.680087
0.951738,223.835,73284.4,0.681737
0.950753,224.332,73178.3,0.683392
0.949765,224.829,73071.9,0.68505
0.948774,225.328,72965.2,0.686711
0.94778,225.827,72858.3,0.688376
0.946783,226.327,72751,0.690045
0.945783,226.827,72643.5,0.691717
0.94478,227.328,72535.7,0.693393
0.943774,227.831,72427.6,0.695072
0.942765,228.333,72319.2,0.696755
0.941752,228.837,72210.6,0.698441
0.940737,229.341,72101.6,0.700131
0.939718,229.846,71992.4,0.701825
0.938697,230.352,71882.9,0.703522
0.937672,230.858,71773.1,0.705223
0.936645,231.366,71663,0.706927
0.935614,231.874,71552.7,0.708635
0.93458,232.382,71442.1,0.710346
0.933543,232.892,71331.2,0.712061
0.932503,233.402,71220,0.71378
0.931461,233.912,71108.5,0.715502
0.930415,234.424,70996.8,0.717227
0.929366,234.936,70884.8,0.718956
0.928314,235.449,70772.5,0.720689
0.927259,235.963,70660,0.722425
0.926201,236.477,70547.2,0.724165
0.92514,236.992,70434.1,0.725908
0.924076,237.508,70320.7,0.727655
0.923008,238.024,70207.1,0.729406
0.921938,238.541,70093.2,0.73116
0.920865,239.059,69979,0.732917
0.919789,239.577,69864.6,0.734678
0.91871,240.096,69749.9,0.736443
0.917628,240.616,69635,0.738211
0.916543,241.137,69519.8,0.739983
0.915455,241.658,69404.3,0.741758
0.914365,242.18,69288.6,0.743537
0.913271,242.702,69172.6,0.745319
0.912174,243.225,69056.3,0.747105
0.911074,243.749,68939.8,0.748894
0.909971,244.273,68823.1,0.750687
0.908866,244.798,68706.1,0.752483
0.907757,245.324,68588.8,0.754283
0.906646,245.85,68471.3,0.756086
0.905531,246.377,68353.5,0.757893
0.904414,246.905,68235.5,0.759703
0.903294,247.433,68117.3,0.761517
0.902171,247.962,67998.7,0.763335
0.901045,248.491,67880,0.765156
0.899916,249.022,67761,0.76698
0.898785,249.552,67641.8,0.768808
0.89765,250.084,67522.3,0.770639
0.896513,250.615,67402.5,0.772474
0.895372,251.148,67282.6,0.774312
0.894229,251.681,67162.4,0.776154
0.893083,252.215,67042,0.777999
0.891935,252.749,66921.3,0.779848
0.890783,253.284,66800.4,0.7817
0.889629,253.819,66679.3,0.783556
0.888472,254.356,66557.9,0.785415
0.887312,254.892,66436.3,0.787277
0.886149,255.429,66314.5,0.789143
0.884984,255.967,66192.4,0.791013
0.883815,256.505,66070.2,0.792886
0.882644,257.044,65947.7,0.794762
0.881471,257.584,65825,0.796642
0.880294,258.124,65702,0.798525
0.879115,258.664,65578.9,0.800412
0.877933,259.205,65455.5,0.802302
0.876749,259.747,65331.9,0.804195
0.875562,260.289,65208.1,0.806092
0.874372,260.832,65084.1,0.807993
0.873179,261.375,64959.9,0.809896
0.871984,261.919,64835.5,0.811803
0.870786,262.463,64710.8,0.813714
0.869586,263.008,64586,0.815628
0.868382,263.553,64460.9,0.817545
0.867177,264.099,64335.7,0.819466
0.865968,264.645,64210.2,0.82139
0.864757,265.192,64084.6,0.823317
0.863544,265.74,63958.7,0.825248
0.862328,266.287,63832.7,0.827182
0.861109,266.836,63706.5,0.829119
0.859888,267.384,63580.1,0.83106
0.858665,267.934,63453.4,0.833004
0.857438,268.483,63326.6,0.834952
0.85621,269.033,63199.6,0.836903
0.854978,269.584,63072.5,0.838857
0.853745,270.135,62945.1,0.840814
0.852509,270.687,62817.6,0.842775
0.85127,271.239,62689.9,0.844739
0.850029,271.791,62562,0.846707
0.848786,272.344,62433.9,0.848677
0.84754,272.897,62305.6,0.850651
0.846291,273.451,62177.2,0.852629
0.845041,274.005,62048.6,0.854609
0.843788,274.56,61919.9,0.856593
0.842532,275.115,61791,0.85858
0.841275,275.67,61661.9,0.86057
0.840015,276.226,61532.6,0.862564
0.838752,276.782,61403.2,0.864561
0.837488,277.339,61273.7,0.866561
0.836221,277.896,61144,0.868564
0.834951,278.453,61014.1,0.870571
0.83368,279.011,60884.1,0.87258
0.832406,279.569,60753.9,0.874593
0.83113,280.128,60623.5,0.87661
0.829852,280.687,60493.1,0.878629
0.828571,281.246,60362.5,0.880651
0.827289,281.806,60231.7,0.882677
0.826004,282.366,60100.8,0.884706
0.824717,282.926,59969.8,0.886738
0.823428,283.487,59838.6,0.888773
0.822137,284.048,59707.3,0.890812
0.820844,284.609,59575.8,0.892853
0.819548,285.171,59444.3,0.894898
0.818251,285.733,59312.6,0.896946
0.816952,286.295,59180.8,0.898997
0.81565,286.858,59048.8,0.901051
0.814346,287.421,58916.8,0.903108
0.813041,287.984,58784.6,0.905168
0.811733,288.548,58652.3,0.907231
0.810424,289.112,58519.8,0.909298
0.809112,289.676,58387.3,0.911367
0.807799,290.24,58254.7,0.91344
0.806484,290.805,58121.9,0.915515
0.805166,291.37,57989.1,0.917594
0.803847,291.935,57856.1,0.919676
0.802526,292.501,57723.1,0.92176
0.801203,293.067,57589.9,0.923848
0.799878,293.633,57456.6,0.925939
0.798552,294.199,57323.3,0.928033
0.797224,294.766,57189.8,0.930129
0.795893,295.332,57056.3,0.932229
0.794561,295.899,56922.7,0.934332
0.793228,296.467,56789,0.936438
0.791892,297.034,56655.2,0.938546
0.790555,297.602,56521.3,0.940658
0.789216,298.17,56387.3,0.942772
0.787876,298.738,56253.3,0.94489
0.786534,299.306,56119.2,0.94701
0.78519,299.875,55985,0.949134
0.783845,300.444,55850.8,0.95126
0.782498,301.012,55716.5,0.953389
0.781149,301.582,55582.1,0.955521
0.779799,302.151,55447.6,0.957656
0.778447,302.72,55313.1,0.959794
0.777094,303.29,55178.5,0.961935
0.775739,303.86,55043.9,0.964078
0.774383,304.43,54909.2,0.966225
0.773025,305,54774.5,0.968374
0.771666,305.57,54639.7,0.970526
0.770305,306.14,54504.9,0.972681
0.768943,306.711,54370,0.974839
0.767579,307.282,54235.1,0.976999
0.766214,307.853,54100.1,0.979163
0.764848,308.424,53965.1,0.981329
0.76348,308.995,53830,0.983499
0.762111,309.566,53694.9,0.985671
0.76074,310.138,53559.7,0.987847
0.759367,310.71,53424.4,0.990026
0.757991,311.282,53289,0.99221
0.756612,311.856,53153.3,0.994402
0.755223,312.433,53016.7,0.996608
0.753804,313.023,52877.4,0.998864
0.752112,313.726,52711.2,1.00156
0.750243,314.502,52527.9,1.00454
0.74872,315.134,52378.7,1.00696
0.747268,315.737,52236.6,1.00928
0.745845,316.327,52097.3,1.01155
0.744435,316.911,51959.5,1.0138
0.743032,317.491,51822.5,1.01604
0.741633,318.07,51686,1.01828
0.740237,318.647,51549.8,1.02051
0.738842,319.223,51413.9,1.02274
0.737448,319.799,51278.1,1.02497
0.736054,320.374,51142.5,1.0272
0.73466,320.948,51006.9,1.02944
0.733266,321.522,50871.5,1.03167
0.731872,322.096,50736.1,1.03391
0.730478,322.67,50600.8,1.03614
0.729082,323.244,50465.6,1.03838
0.727687,323.817,50330.4,1.04062
0.726291,324.391,50195.3,1.04286
0.724894,324.964,50060.2,1.04511
0.723497,325.537,49925.2,1.04736
0.7221,326.11,49790.2,1.04961
0.720701,326.682,49655.3,1.05186
0.719303,327.255,49520.5,1.05411
0.717904,327.827,49385.7,1.05636
0.716504,328.4,49250.9,1.05862
0.715104,328.972,49116.2,1.06088
0.713703,329.544,48981.6,1.06314
0.712302,330.116,48847,1.06541
0.7109,330.688,48712.5,1.06767
0.709498,331.26,48578.1,1.06994
0.708095,331.832,48443.7,1.07221
0.706692,332.403,48309.4,1.07449
0.705289,332.974,48175.1,1.07676
0.703885,333.546,48040.9,1.07904
0.702481,334.117,47906.8,1.08132
0.701076,334.688,47772.8,1.0836
0.699671,335.258,47638.8,1.08588
0.698266,335.829,47504.9,1.08817
0.696861,336.4,47371.1,1.09045
0.695455,336.97,47237.4,1.09274
0.694049,337.54,47103.7,1.09504
0.692642,338.11,46970.1,1.09733
0.691236,338.68,46836.7,1.09963
0.689829,339.25,46703.3,1.10193
0.688422,339.819,46570,1.10423
0.687014,340.388,46436.8,1.10653
0.685607,340.957,46303.7,1.10883
0.684199,341.526,46170.6,1.11114
0.682792,342.095,46037.7,1.11345
0.681384,342.663,45904.9,1.11576
0.679976,343.232,45772.2,1.11807
0.678568,343.8,45639.6,1.12039
0.67716,344.368,45507.1,1.1227
0.675752,344.935,45374.7,1.12502
0.674344,345.503,45242.4,1.12734
0.672937,346.07,45110.2,1.12966
0.671529,346.637,44978.1,1.13199
0.670121,347.204,44846.2,1.13432
0.668713,347.77,44714.3,1.13664
0.667305,348.336,44582.6,1.13897
0.665898,348.902,44451,1.14131
0.66449,349.468,44319.6,1.14364
0.663083,350.033,44188.3,1.14598
0.661676,350.598,44057,1.14831
0.660269,351.163,43926,1.15065
0.658862,351.728,43795,1.153
0.657456,352.292,43664.2,1.15534
0.65605,352.856,43533.5,1.15768
0.654644,353.42,43403,1.16003
0.653238,353.984,43272.6,1.16238
0.651833,354.547,43142.3,1.16473
0.650428,355.11,43012.2,1.16708
0.649023,355.672,42882.2,1.16944
0.647619,356.234,42752.4,1.17179
0.646215,356.796,42622.8,1.17415
0.644812,357.358,42493.2,1.17651
0.643914,357.681,42410.4,1.1779
0.842134,273.236,61883.5,0.851877
0.827362,278.805,60369,0.872323
0.825826,279.306,60211.8,0.874218
0.827472,278.577,60379.4,0.871592
0.829136,277.842,60548.7,0.868948
0.830783,277.114,60716.2,0.866334
0.832416,276.393,60882,0.86375
0.834036,275.678,61046.3,0.861194
0.835645,274.97,61209.1,0.858665
0.837244,274.267,61370.4,0.856162
0.838834,273.57,61530.4,0.853684
0.840417,272.878,61689.1,0.851231
0.841993,272.191,61846.5,0.848802
0.843564,271.509,62002.8,0.846396
0.845129,270.832,62157.9,0.844012
0.846688,270.159,62311.9,0.841649
0.84824,269.49,62464.9,0.839305
0.849785,268.825,62616.8,0.836979
0.851318,268.165,62767.8,0.83467
0.852839,267.508,62917.9,0.832374
0.854344,266.854,63067,0.830091
0.85583,266.205,63215.3,0.827818
0.857294,265.559,63362.6,0.825552
0.858734,264.916,63509.2,0.823293
0.860148,264.276,63655,0.82104
0.861537,263.64,63799.9,0.818791
0.8629,263.006,63944.1,0.816548
0.86424,262.376,64087.6,0.81431
0.86556,261.748,64230.3,0.812078
0.866863,261.123,64372.3,0.809854
0.868154,260.501,64513.6,0.80764
0.869435,259.882,64654.3,0.805437
0.870712,259.265,64794.2,0.803246
0.871985,258.65,64933.5,0.801068
0.873258,258.039,65072.2,0.798903
0.87453,257.429,65210.2,0.796752
0.875803,256.822,65347.6,0.794614
0.877076,256.217,65484.4,0.792489
0.878348,255.614,65620.6,0.790377
0.879619,255.014,65756.3,0.788276
0.880888,254.415,65891.3,0.786186
0.882154,253.819,66025.7,0.784107
0.883417,253.224,66159.6,0.782038
0.884676,252.632,66292.9,0.779978
0.885931,252.041,66425.6,0.777928
0.887181,251.452,66557.8,0.775886
0.888427,250.865,66689.4,0.773853
0.889668,250.279,66820.4,0.771828
0.890904,249.695,66950.8,0.769811
0.892136,249.113,67080.7,0.767802
0.893363,248.532,67209.9,0.7658
0.894586,247.953,67338.6,0.763806
0.895804,247.374,67466.8,0.76182
0.89702,246.798,67594.3,0.759842
0.898232,246.223,67721.3,0.757871
0.899441,245.649,67847.7,0.755907
0.900647,245.076,67973.6,0.753952
0.901851,244.504,68098.9,0.752003
0.903054,243.934,68223.7,0.750063
0.904254,243.365,68348,0.74813
0.905453,242.798,68471.6,0.746205
0.906651,242.231,68594.8,0.744288
0.907847,241.666,68717.4,0.742378
0.909041,241.103,68839.6,0.740475
0.910233,240.54,68961.3,0.738579
0.911421,239.979,69082.5,0.736691
0.912605,239.42,69203.2,0.734808
0.913785,238.861,69323.6,0.732931
0.914958,238.305,69443.6,0.73106
0.916124,237.75,69563.3,0.729194
0.917281,237.196,69682.6,0.727332
0.918428,236.644,69801.5,0.725474
0.919564,236.094,69920.1,0.723619
0.920688,235.545,70038.4,0.721768
0.921799,234.997,70156.2,0.71992
0.922898,234.452,70273.7,0.718075
0.923984,233.907,70390.9,0.716232
0.925058,233.365,70507.6,0.714393
0.926121,232.823,70623.9,0.712558
0.927174,232.283,70739.8,0.710726
0.928218,231.745,70855.4,0.708899
0.929255,231.207,70970.5,0.707076
0.930286,230.671,71085.3,0.705258
0.931313,230.137,71199.7,0.703445
0.932336,229.603,71313.7,0.701638
0.933358,229.07,71427.4,0.699837
0.934378,228.539,71540.7,0.698041
0.935397,228.009,71653.6,0.696252
0.936416,227.48,71766.2,0.69447
0.937435,226.952,71878.4,0.692694
0.938454,226.425,71990.3,0.690925
0.939472,225.9,72101.7,0.689162
0.94049,225.376,72212.7,0.687407
0.941507,224.853,72323.2,0.685659
0.942524,224.332,72433.4,0.683918
0.94354,223.812,72543.1,0.682184
0.944555,223.293,72652.4,0.680456
0.94557,222.776,72761.2,0.678736
0.946584,222.26,72869.7,0.677021
0.947598,221.744,72977.9,0.675313
0.948613,221.23,73085.6,0.673611
0.949627,220.717,73193.1,0.671914
0.950641,220.205,73300.3,0.670223
0.951656,219.694,73407.1,0.668537
0.95267,219.184,73513.7,0.666855
0.953684,218.674,73620,0.665179
0.954697,218.166,73725.9,0.663507
0.955707,217.658,73831.6,0.661839
0.956715,217.152,73936.9,0.660177
0.957718,216.647,74041.8,0.658519
0.958717,216.143,74146.4,0.656866
0.959709,215.64,74250.5,0.655217
0.960694,215.139,74354.2,0.653573
0.961671,214.639,74457.4,0.651934
0.962639,214.14,74560.1,0.650298
0.963597,213.643,74662.4,0.648667
0.964545,213.148,74764.3,0.647039
0.965484,212.653,74865.7,0.645415
0.966413,212.16,74966.8,0.643794
0.967332,211.668,75067.5,0.642175
0.968243,211.177,75167.9,0.640559
0.969147,210.687,75268,0.638945
0.970043,210.198,75367.8,0.637333
0.970934,209.709,75467.4,0.635723
0.971821,209.221,75566.9,0.634115
0.972703,208.733,75666.1,0.63251
0.973583,208.247,75765.1,0.630908
0.97446,207.761,75863.9,0.629309
0.975335,207.276,75962.4,0.627715
0.97621,206.792,76060.6,0.626125
0.977083,206.309,76158.5,0.62454
0.977956,205.827,76256,0.62296
0.978828,205.346,76353.2,0.621387
0.979699,204.867,76449.9,0.619821
0.98057,204.39,76546.1,0.618262
0.981441,203.914,76641.9,0.61671
0.98231,203.439,76737.1,0.615166
0.98318,202.967,76831.9,0.613629
0.984048,202.495,76926.2,0.6121
0.984915,202.026,77020,0.610578
0.985782,201.558,77113.3,0.609062
0.986648,201.091,77206.3,0.607553
0.987513,200.626,77298.9,0.606049
0.988377,200.161,77391.2,0.604549
0.989241,199.698,77483.3,0.603054
0.990104,199.235,77575.3,0.601561
0.990966,198.772,77667.1,0.60007
0.991827,198.31,77758.8,0.598581
0.992685,197.848,77850.5,0.597093
0.993542,197.386,77942.1,0.595606
0.994394,196.925,78033.6,0.59412
0.995242,196.464,78125,0.592636
0.996084,196.003,78216.1,0.591153
0.99692,195.544,78306.9,0.589672
0.997748,195.086,78397.3,0.588195
0.998567,194.628,78487.3,0.58672
0.999379,194.172,78576.9,0.58525
1.00018,193.718,78665.9,0.583783
1.00098,193.264,78754.4,0.58232
1.00176,192.812,78842.4,0.580862
1.00254,192.361,78929.9,0.579407
1.00331,191.912,79016.8,0.577956
1.00408,191.463,79103.2,0.57651
1.00484,191.016,79189.1,0.575069
1.00559,190.569,79274.5,0.573632
1.00634,190.124,79359.2,0.5722
1.00709,189.681,79443.4,0.570774
1.00783,189.239,79526.8,0.569355
1.00856,188.799,79609.6,0.567943
1.0093,188.361,79691.6,0.566538
1.01003,187.924,79773.1,0.565141
1.01003,187.924,80000,0.564339
