0
0.005
200
80000
1.035,183.535,81295.2,0.55347
1.03316,184.594,81093.2,0.556859
1.0313,185.66,80888.7,0.560275
1.02941,186.731,80682.3,0.563713
1.02751,187.808,80474.1,0.567172
1.02559,188.89,80264,0.570652
1.02366,189.977,80052,0.574154
1.0217,191.07,79838.2,0.577677
1.01972,192.169,79622.4,0.581222
1.01773,193.272,79404.8,0.584788
1.01572,194.381,79185.3,0.588375
1.01368,195.496,78963.9,0.591984
1.01163,196.615,78740.6,0.595615
1.00956,197.741,78515.5,0.599268
1.00748,198.871,78288.4,0.602942
1.00537,200.007,78059.4,0.606638
1.00324,201.147,77828.6,0.610356
1.00109,202.294,77595.8,0.614096
0.998927,203.445,77361.1,0.617858
0.996742,204.602,77124.6,0.621642
0.994538,205.764,76886.1,0.625448
0.992314,206.931,76645.8,0.629276
0.99007,208.103,76403.6,0.633126
0.987807,209.28,76159.5,0.636998
0.985525,210.462,75913.5,0.640892
0.983223,211.65,75665.6,0.644808
0.980902,212.842,75415.9,0.648746
0.978561,214.04,75164.2,0.652707
0.9762,215.242,74910.8,0.65669
0.97382,216.449,74655.4,0.660695
0.97142,217.662,74398.2,0.664722
0.969001,218.879,74139.2,0.668772
0.966562,220.101,73878.3,0.672844
0.964104,221.328,73615.6,0.676938
0.961626,222.559,73351.1,0.681054
0.959128,223.796,73084.8,0.685193
0.956612,225.037,72816.7,0.689354
0.954075,226.283,72546.7,0.693537
0.951519,227.533,72275,0.697742
0.948944,228.788,72001.5,0.70197
0.94635,230.047,71726.3,0.70622
0.943736,231.311,71449.3,0.710492
0.941103,232.58,71170.6,0.714787
0.938451,233.853,70890.2,0.719103
0.93578,235.13,70608.1,0.723442
0.93309,236.412,70324.2,0.727803
0.93038,237.697,70038.7,0.732186
0.927652,238.987,69751.6,0.736591
0.924905,240.282,69462.8,0.741018
0.92214,241.58,69172.4,0.745468
0.919356,242.882,68880.3,0.749939
0.916553,244.189,68586.7,0.754433
0.913732,245.499,68291.5,0.758948
0.910893,246.813,67994.8,0.763485
0.908035,248.132,67696.5,0.768044
0.905159,249.453,67396.7,0.772625
0.902266,250.779,67095.5,0.777227
0.899355,252.108,66792.7,0.781851
0.896426,253.441,66488.5,0.786497
0.893479,254.778,66182.9,0.791165
0.890515,256.118,65875.9,0.795854
0.887534,257.461,65567.6,0.800564
0.884536,258.808,65257.8,0.805296
0.881521,260.158,64946.8,0.810049
0.878489,261.512,64634.4,0.814823
0.875441,262.868,64320.8,0.819619
0.872377,264.228,64005.9,0.824435
0.869296,265.59,63689.8,0.829273
0.866199,266.956,63372.5,0.834131
0.863087,268.325,63054,0.83901
0.859958,269.696,62734.4,0.84391
0.856815,271.07,62413.7,0.848831
0.853656,272.447,62091.9,0.853772
0.850482,273.826,61769.1,0.858734
0.847294,275.209,61445.2,0.863716
0.844091,276.593,61120.4,0.868718
0.840874,277.98,60794.6,0.87374
0.837643,279.369,60467.8,0.878783
0.834397,280.761,60140.2,0.883845
0.831139,282.154,59811.7,0.888927
0.827867,283.55,59482.4,0.894029
0.824582,284.948,59152.3,0.89915
0.821284,286.348,58821.4,0.904291
0.817973,287.749,58489.8,0.909451
0.814651,289.153,58157.5,0.914631
0.811316,290.558,57824.5,0.919829
0.807969,291.964,57490.9,0.925047
0.804611,293.373,57156.8,0.930283
0.801242,294.782,56822,0.935538
0.797862,296.194,56486.8,0.940811
0.794471,297.606,56151,0.946103
0.79107,299.02,55814.8,0.951413
0.787659,300.435,55478.2,0.956741
0.784239,301.851,55141.2,0.962087
0.780808,303.268,54803.8,0.967451
0.777369,304.686,54466.2,0.972832
0.773921,306.104,54128.3,0.978232
0.770464,307.524,53790.1,0.983648
0.766999,308.944,53451.7,0.989082
0.763526,310.365,53113.2,0.994532
0.760046,311.786,52774.6,1
0.754037,314.247,52191.4,1.00949
0.750222,315.806,51822.1,1.01553
0.746579,317.291,51470.2,1.0213
0.742995,318.75,51124.6,1.02698
0.739436,320.196,50782.1,1.03263
0.735889,321.635,50441.4,1.03827
0.732347,323.069,50101.8,1.04391
0.728807,324.501,49763.2,1.04955
0.725268,325.93,49425.2,1.0552
0.721728,327.357,49087.8,1.06086
0.718187,328.783,48751,1.06653
0.714644,330.207,48414.7,1.07221
0.7111,331.63,48078.9,1.0779
0.707554,333.051,47743.7,1.0836
0.704007,334.472,47409,1.08932
0.700458,335.891,47074.8,1.09504
0.696908,337.309,46741.2,1.10078
0.693357,338.726,46408.2,1.10654
0.689806,340.141,46075.8,1.1123
0.686254,341.555,45744,1.11808
0.682701,342.967,45412.9,1.12387
0.679149,344.379,45082.5,1.12967
0.675597,345.788,44752.9,1.13548
0.672046,347.196,44424,1.1413
0.668496,348.602,44095.8,1.14714
0.664947,350.007,43768.5,1.15299
0.6614,351.409,43442.1,1.15885
0.657854,352.81,43116.5,1.16472
0.654311,354.209,42791.8,1.1706
0.65077,355.606,42468,1.17649
0.647231,357.001,42145.2,1.18239
0.643696,358.394,41823.4,1.1883
0.640164,359.785,41502.6,1.19423
0.636636,361.173,41182.8,1.20016
0.633112,362.559,40864.1,1.2061
0.629592,363.943,40546.5,1.21205
0.626076,365.324,40230,1.21802
0.628531,363.793,40459,1.21184
0.750339,308.462,52014.1,0.990162
0.834368,274.573,60385.8,0.862592
0.863556,263.296,63365.3,0.821484
0.869848,260.674,64012.8,0.812122
0.8733,259.103,64368.9,0.806589
0.876608,257.584,64710.8,0.801252
0.879872,256.079,65048.6,0.795979
0.883097,254.587,65382.7,0.790762
0.886283,253.108,65713.5,0.785598
0.889433,251.64,66040.9,0.780486
0.892548,250.183,66365,0.775424
0.895628,248.736,66686.1,0.770409
0.898675,247.3,67004.2,0.765439
0.90169,245.874,67319.3,0.760513
0.904673,244.457,67631.5,0.75563
0.907626,243.049,67940.9,0.750788
0.910548,241.65,68247.6,0.745986
0.913441,240.26,68551.6,0.741224
0.916306,238.879,68853,0.736499
0.919142,237.505,69151.7,0.731811
0.92195,236.14,69447.9,0.72716
0.924731,234.783,69741.6,0.722544
0.927485,233.433,70032.8,0.717962
0.930213,232.092,70321.5,0.713415
0.932914,230.757,70607.8,0.708901
0.935589,229.431,70891.7,0.704421
0.938239,228.111,71173.2,0.699972
0.940863,226.799,71452.3,0.695555
0.943463,225.494,71729.1,0.69117
0.946037,224.196,72003.5,0.686816
0.948588,222.905,72275.7,0.682492
0.951114,221.62,72545.5,0.678198
0.953616,220.343,72813.1,0.673934
0.956094,219.073,73078.4,0.6697
0.958548,217.809,73341.4,0.665494
0.960979,216.552,73602.2,0.661317
0.963387,215.302,73860.8,0.657169
0.965772,214.058,74117.2,0.653049
0.968134,212.821,74371.4,0.648957
0.970473,211.591,74623.3,0.644892
0.97279,210.367,74873.1,0.640855
0.975085,209.149,75120.7,0.636845
0.977357,207.938,75366.2,0.632861
0.979607,206.734,75609.5,0.628905
0.981835,205.536,75850.7,0.624975
0.984042,204.344,76089.7,0.621071
0.986227,203.158,76326.6,0.617193
0.98839,201.979,76561.4,0.613341
0.990532,200.807,76794.1,0.609515
0.992653,199.64,77024.7,0.605715
0.994753,198.48,77253.2,0.601939
0.996833,197.326,77479.7,0.598189
0.998891,196.179,77704.1,0.594464
1.00093,195.038,77926.4,0.590763
1.00295,193.902,78146.6,0.587087
1.00494,192.774,78364.9,0.583436
1.00691,191.651,78581.1,0.579806
1.00884,190.534,78795.3,0.576195
1.01066,189.424,79007.5,0.572585
1.01217,188.32,79217.6,0.568916
1.0126,187.223,79425.8,0.564981
