0
0.005
200
80000
1.03531,183.547,81329.1,0.553472
1.03347,184.606,81126.8,0.556862
1.0316,185.672,80922.3,0.560279
1.02972,186.743,80715.8,0.563716
1.02782,187.82,80507.5,0.567176
1.0259,188.902,80297.3,0.570656
1.02396,189.99,80085.2,0.574158
1.022,191.083,79871.3,0.577681
1.02003,192.181,79655.5,0.581225
1.01803,193.285,79437.8,0.584791
1.01602,194.394,79218.2,0.588379
1.01398,195.509,78996.7,0.591988
1.01193,196.628,78773.3,0.595619
1.00986,197.753,78548,0.599272
1.00777,198.884,78320.8,0.602946
1.00566,200.02,78091.8,0.606642
1.00354,201.161,77860.8,0.61036
1.00139,202.307,77627.9,0.6141
0.999223,203.458,77393.2,0.617862
0.997037,204.615,77156.5,0.621646
0.994832,205.777,76918,0.625452
0.992607,206.944,76677.5,0.62928
0.990363,208.116,76435.2,0.63313
0.988099,209.294,76191,0.637002
0.985816,210.476,75944.9,0.640896
0.983514,211.664,75696.9,0.644812
0.981191,212.856,75447.1,0.648751
0.97885,214.054,75195.4,0.652711
0.976488,215.256,74941.8,0.656694
0.974107,216.464,74686.3,0.660699
0.971707,217.676,74429,0.664727
0.969287,218.893,74169.9,0.668776
0.966847,220.115,73908.9,0.672848
0.964388,221.342,73646.1,0.676942
0.96191,222.574,73381.5,0.681059
0.959411,223.811,73115,0.685197
0.956894,225.052,72846.8,0.689358
0.954356,226.298,72576.7,0.693542
0.9518,227.548,72304.9,0.697747
0.949224,228.803,72031.3,0.701975
0.946629,230.063,71756,0.706225
0.944014,231.327,71478.9,0.710497
0.94138,232.595,71200,0.714792
0.938727,233.868,70919.5,0.719108
0.936055,235.146,70637.2,0.723447
0.933364,236.427,70353.3,0.727808
0.930654,237.713,70067.7,0.732191
0.927925,239.003,69780.4,0.736597
0.925178,240.298,69491.5,0.741024
0.922411,241.596,69200.9,0.745473
0.919626,242.898,68908.8,0.749945
0.916823,244.205,68615,0.754438
0.914001,245.515,68319.7,0.758953
0.91116,246.83,68022.8,0.763491
0.908302,248.148,67724.4,0.76805
0.905425,249.47,67424.5,0.77263
0.902531,250.796,67123.1,0.777233
0.899619,252.125,66820.3,0.781857
0.896689,253.458,66515.9,0.786503
0.893742,254.795,66210.2,0.791171
0.890777,256.135,65903.1,0.79586
0.887795,257.479,65594.6,0.80057
0.884796,258.825,65284.7,0.805302
0.88178,260.176,64973.5,0.810055
0.878747,261.529,64661,0.814829
0.875698,262.886,64347.2,0.819625
0.872632,264.245,64032.2,0.824441
0.869551,265.608,63716,0.829279
0.866453,266.974,63398.6,0.834137
0.863339,268.343,63080,0.839017
0.86021,269.714,62760.2,0.843917
0.857066,271.088,62439.4,0.848838
0.853906,272.465,62117.4,0.853779
0.850731,273.845,61794.5,0.85874
0.847542,275.227,61470.5,0.863722
0.844338,276.611,61145.5,0.868725
0.84112,277.998,60819.5,0.873747
0.837888,279.388,60492.7,0.87879
0.834641,280.779,60164.9,0.883852
0.831382,282.173,59836.3,0.888934
0.828109,283.569,59506.8,0.894036
0.824823,284.967,59176.6,0.899157
0.821524,286.367,58845.5,0.904298
0.818212,287.768,58513.8,0.909459
0.814889,289.172,58181.3,0.914638
0.811553,290.577,57848.2,0.919837
0.808205,291.984,57514.5,0.925054
0.804846,293.392,57180.2,0.93029
0.801476,294.802,56845.3,0.935545
0.798095,296.214,56509.9,0.940819
0.794703,297.626,56174,0.946111
0.791301,299.04,55837.6,0.951421
0.787889,300.455,55500.9,0.956749
0.784467,301.871,55163.7,0.962095
0.781036,303.288,54826.2,0.967459
0.777595,304.706,54488.4,0.972841
0.774146,306.125,54150.3,0.978241
0.770687,307.545,53812,0.983657
0.767221,308.965,53473.5,0.989092
0.763746,310.387,53134.7,0.994545
0.76026,311.81,52795.4,1.00002
0.754262,314.266,52213.2,1.00949
0.750445,315.825,51843.7,1.01553
0.746802,317.31,51491.7,1.0213
0.743216,318.769,51146,1.02698
0.739656,320.215,50803.3,1.03263
0.736108,321.654,50462.5,1.03827
0.732565,323.089,50122.8,1.04391
0.729024,324.52,49784,1.04955
0.725484,325.95,49445.9,1.0552
0.721943,327.377,49108.3,1.06086
0.718401,328.803,48771.4,1.06653
0.714857,330.227,48435,1.07221
0.711312,331.65,48099,1.0779
0.707765,333.072,47763.6,1.0836
0.704216,334.492,47428.8,1.08932
0.700667,335.911,47094.5,1.09504
0.697116,337.329,46760.7,1.10078
0.693564,338.746,46427.6,1.10654
0.690011,340.161,46095,1.1123
0.686458,341.575,45763.1,1.11808
0.682905,342.988,45431.9,1.12387
0.679351,344.399,45101.4,1.12967
0.675798,345.809,44771.6,1.13548
0.672246,347.217,44442.5,1.1413
0.668695,348.623,44114.3,1.14714
0.665145,350.028,43786.8,1.15299
0.661596,351.431,43460.2,1.15885
0.65805,352.831,43134.5,1.16472
0.654505,354.231,42809.7,1.1706
0.650963,355.628,42485.8,1.17649
0.647424,357.023,42162.8,1.18239
0.643888,358.415,41840.9,1.1883
0.640355,359.806,41519.9,1.19423
0.636826,361.195,41200,1.20016
0.6333,362.581,40881.2,1.2061
0.739409,314.161,50911.9,1.01186
0.826449,278.856,59538.3,0.878062
0.858215,266.576,62768.6,0.833076
0.864979,263.787,63462.5,0.823064
0.868471,262.214,63821.7,0.817495
0.871804,260.698,64165,0.812145
0.875093,259.196,64504.3,0.806858
0.878343,257.707,64840.2,0.801626
0.881556,256.229,65172.7,0.796447
0.884734,254.763,65501.9,0.791318
0.887877,253.307,65828.1,0.786237
0.890987,251.861,66151.3,0.781202
0.894064,250.425,66471.6,0.776212
0.89711,248.999,66789.1,0.771264
0.900126,247.581,67103.8,0.766358
0.903111,246.173,67415.8,0.761492
0.906068,244.772,67725.2,0.756665
0.908996,243.381,68032,0.751876
0.911896,241.997,68336.3,0.747124
0.914768,240.621,68638,0.742408
0.917614,239.253,68937.3,0.737727
0.920432,237.892,69234.2,0.73308
0.923225,236.539,69528.7,0.728468
0.925992,235.193,69820.8,0.723888
0.928733,233.854,70110.5,0.719342
0.931448,232.523,70397.9,0.714827
0.934139,231.198,70683,0.710344
0.936805,229.88,70965.9,0.705891
0.939447,228.57,71246.4,0.70147
0.942064,227.265,71524.7,0.697078
0.944657,225.968,71800.7,0.692717
0.947227,224.677,72074.5,0.688385
0.949773,223.393,72346.1,0.684082
0.952295,222.116,72615.5,0.679808
0.954794,220.845,72882.7,0.675562
0.957271,219.58,73147.7,0.671345
0.959724,218.322,73410.5,0.667155
0.962154,217.07,73671.2,0.662993
0.964562,215.825,73929.7,0.658859
0.966947,214.585,74186.1,0.654751
0.969311,213.353,74440.3,0.650671
0.971652,212.126,74692.3,0.646617
0.973971,210.906,74942.3,0.64259
0.976268,209.692,75190.1,0.638589
0.978543,208.484,75435.8,0.634615
0.980797,207.283,75679.5,0.630666
0.983029,206.087,75921,0.626743
0.98524,204.898,76160.4,0.622845
0.98743,203.715,76397.8,0.618973
0.989598,202.538,76633.1,0.615127
0.991746,201.368,76866.3,0.611305
0.993873,200.203,77097.5,0.607508
0.995979,199.045,77326.6,0.603736
0.998064,197.892,77553.6,0.599988
1.00013,196.746,77778.7,0.596265
1.00217,195.606,78001.7,0.592567
1.0042,194.472,78222.7,0.588892
1.0062,193.344,78441.6,0.585242
1.00819,192.222,78658.6,0.581615
1.01015,191.106,78873.6,0.578012
1.0121,189.996,79086.6,0.574433
1.01402,188.892,79297.6,0.570877
1.01593,187.794,79506.7,0.567345
1.01782,186.702,79713.8,0.563836
