50
0.00139899
0.00476233
0.00542066
0.00573871
0.00530885
0.00527354
0.00529588
0.00541147
0.00553544
0.00563287
0.00571097
0.00575503
0.00577544
0.00578437
0.00578781
0.0057889
0.00578924
0.00578942
0.00578955
0.00578962
0.00578965
0.00578966
0.00578967
0.00578968
0.00578968
0.00578968
0.00578968
0.00578968
0.00578968
0.00578968
0.00578968
0.00578968
0.00578968
0.00578968
0.00578968
0.00578968
0.00578968
0.00578968
0.00578968
0.00578968
0.00578968
0.00578968
0.00578968
0.00578968
0.00578968
0.00578968
0.00578968
0.00578968
0.00578968
0.00578968
0.00578968
0.00578968
0.00578968
0.00578968
0.00578968
0.00578968
0.00578968
0.00578968
0.00578968
0.00578968
0.00578968
0.00578968
0.00578968
0.00578968
0.00578968
0.00578968
0.00578968
0.00578968
0.00578968
0.00578968
0.00578968
0.00578968
0.00578968
0.00578968
0.00578968
0.00578968
0.00578968
0.00578968
0.00578968
0.00578968
0.00578968
0.00578968
0.00578968
0.00578968
0.00578968
0.00578968
0.00578968
0.00578968
0.00578968
0.00578968
0.00578968
0.00578968
0.00578968
0.00578968
0.00578968
0.00578968
0.00578968
0.00578968
0.00578968
0.00578968
0.00578968
0.00578968
0.00578968
0.00578968
0.00578968
0.00578968
0.00578968
0.00578968
0.00578968
0.00578968
0.00578968
0.00578968
0.00578968
0.00578968
0.00578968
0.00578968
0.00578968
0.00578968
0.00578968
0.00578968
0.00578968
0.00578968
0.00578968
0.00578968
0.00578968
0.00578968
0.00578968
0.00578968
0.00578968
0.00578968
0.00578968
0.00578968
0.00578968
0.00578968
0.00578968
0.00578968
0.00578968
0.00578968
0.00578968
0.00578968
0.00578968
0.00578968
0.00578968
0.00578968
0.00578968
0.00578968
0.00578968
0.00578968
0.00578968
0.00578968
0.00578968
0.00578968
0.00578968
0.00578968
0.00578968
0.00578968
0.00578968
0.00578968
0.00578968
0.00578968
0.00578968
0.00578968
0.00578968
0.00578968
0.00578968
0.00578968
0.00578968
0.00578968
0.00578968
0.00578968
0.00578968
0.00578968
0.00578968
0.00578968
0.00578968
0.00578968
0.00578968
0.00578968
0.00578968
0.00578968
0.00578968
0.00578968
0.00578968
0.00578968
0.00578968
0.00578968
0.00578968
0.00578968
0.00578968
0.00578968
0.00578968
0.00578968
0.00578968
0.00578968
0.00578968
0.00578968
0.00578968
0.00578968
0.00578968
0.00578968
0.00578968
0.00578968
0.00578968
0.00578968
0.00578968
0.00578968
0.00578968
0.00578968
0.00578968
0.00578968
0.00578968
0.00578968
0.00578968
0.00578968
0.00578968
0.00578968
0.00578968
0.00578968
0.00578968
0.00578968
0.00578968
0.00578968
0.00578968
0.00578968
0.00578968
0.00578968
0.00578968
0.00578968
0.00578968
0.00578968
0.00578968
0.00578968
0.00578968
0.00578968
0.00578968
0.00578968
0.00578968
0.00578968
0.00578968
0.00578968
0.00578968
0.00578968
0.00578968
0.00578968
0.00578968
0.00578968
0.00578968
0.00578968
0.00578968
0.00578968
0.00578968
0.00578968
0.00578968
0.00578968
0.00578968
0.00578968
0.00578968
0.00578968
0.00578968
0.00578968
0.00578968
0.00578968
0.00578968
0.00578968
0.00578968
0.00578968
0.00578968
0.00578968
0.00578968
0.00578968
0.00578968
0.00578968
0.00578968
0.00578968
0.00578968
0.00578968
0.00578968
0.00578968
0.00578968
0.00578968
0.00578968
0.00578968
0.00578968
0.00578968
0.00578968
0.00578968
0.00578968
0.00578968
0.00578968
0.00578968
0.00578968
0.00578968
0.00578968
0.00578968
0.00578968
0.00578968
0.00578968
0.00578968
0.00578968
0.00578968
0.00578968
0.00578968
0.00578968
0.00578968
0.00578968
0.00578968
0.00578968
0.00578968
0.00578968
0.00578968
0.00578968
0.00578968
0.00578968
0.00578968
0.00578968
0.00578968
0.00578968
0.00578968
0.00578968
0.00578968
0.00578968
0.00578968
0.00578968
0.00578968
0.00578968
0.00578968
0.00578968
0.00578968
0.00578968
0.00578968
0.00578968
0.00578968
0.00578968
0.00578968
0.00578968
0.00578968
0.00578968
0.00578968
0.00578968
0.00578968
0.00578968
0.00578968
0.00578968
0.00578968
0.00578968
0.00578968
0.00578968
0.00578968
0.00578968
0.00578968
0.00578968
0.00578968
0.00578968
0.00578968
0.00578968
0.00578968
0.00578968
0.00578968
0.00578968
0.00578968
0.00578968
0.00578968
0.00578968
0.00578968
0.00578968
0.00578968
0.00578968
0.00578968
0.00578968
0.00578968
0.00578968
0.00578968
0.00578968
0.00578968
0.00578968
0.00578968
0.00578968
0.00578968
0.00578968
0.00578968
0.00578968
0.00578968
0.00578968
0.00578968
0.00578968
0.00578968
0.00578968
0.00578968
0.00578968
0.00578968
0.00578968
0.00578968
0.00578968
0.00578968
0.00578968
0.00578968
0.00578968
0.00578968
0.00578968
0.00578968
