50
0.00139899
0.00163568
0.0017998
0.00113357
-5.10817e-06
0.000111477
0.000323175
0.000306312
0.000196025
9.93384e-05
4.05975e-05
1.69967e-05
8.22544e-06
3.55225e-06
1.0523e-06
2.25256e-07
1.63645e-07
1.84438e-07
1.17652e-07
3.89234e-08
4.75473e-09
2.94101e-09
6.02502e-09
4.38863e-09
1.21516e-09
-2.24338e-10
-1.38687e-10
1.68812e-10
1.76673e-10
4.67412e-11
-2.17106e-11
-1.52273e-11
4.49943e-12
8.00705e-12
2.34457e-12
-1.25187e-12
-1.0252e-12
8.46213e-14
3.85872e-13
1.34675e-13
-6.12986e-14
-6.07294e-14
-1.82895e-15
1.89718e-14
8.01899e-15
-2.70909e-15
-3.40517e-15
-3.89491e-16
9.27803e-16
4.77505e-16
-1.10292e-16
-1.82785e-16
-3.56075e-17
4.4555e-17
2.48339e-17
-2.19123e-18
-9.67793e-18
-4.19986e-18
3.65205e-19
1.46082e-18
9.13012e-19
1.09561e-18
2.73904e-18
-5.47807e-19
-3.65205e-19
2.37383e-18
-1.09561e-18
-2.55643e-18
-4.93027e-18
5.47807e-19
-3.65205e-19
4.93027e-18
5.84328e-18
-2.00863e-18
-7.3041e-19
-2.00863e-18
-1.46082e-18
-3.65205e-19
2.92164e-18
1.82602e-19
2.55643e-18
-1.46082e-18
3.65205e-19
1.46082e-18
-1.46082e-18
3.65205e-19
1.64342e-18
-1.46082e-18
0
2.00863e-18
-1.46082e-18
-5.47807e-19
1.64342e-18
-1.27822e-18
3.65205e-19
1.46082e-18
-1.46082e-18
3.65205e-19
1.64342e-18
-1.46082e-18
0
2.00863e-18
-1.46082e-18
-5.47807e-19
1.64342e-18
-1.27822e-18
3.65205e-19
1.46082e-18
-1.46082e-18
3.65205e-19
1.64342e-18
-1.46082e-18
0
2.00863e-18
-1.46082e-18
-5.47807e-19
1.64342e-18
-1.27822e-18
3.65205e-19
1.46082e-18
-1.46082e-18
3.65205e-19
1.64342e-18
-1.46082e-18
0
2.00863e-18
-1.46082e-18
-5.47807e-19
1.64342e-18
-1.27822e-18
3.65205e-19
1.46082e-18
-1.46082e-18
3.65205e-19
1.64342e-18
-1.46082e-18
0
2.00863e-18
-1.46082e-18
-5.47807e-19
1.64342e-18
-1.27822e-18
3.65205e-19
1.46082e-18
-1.46082e-18
3.65205e-19
1.64342e-18
-1.46082e-18
0
2.00863e-18
-1.46082e-18
-5.47807e-19
1.64342e-18
-1.27822e-18
3.65205e-19
1.46082e-18
-1.46082e-18
3.65205e-19
1.64342e-18
-1.46082e-18
0
2.00863e-18
-1.46082e-18
-5.47807e-19
1.64342e-18
-1.27822e-18
3.65205e-19
1.46082e-18
-1.46082e-18
3.65205e-19
1.64342e-18
-1.46082e-18
0
2.00863e-18
-1.46082e-18
-5.47807e-19
1.64342e-18
-1.27822e-18
3.65205e-19
1.46082e-18
-1.46082e-18
3.65205e-19
1.64342e-18
-1.46082e-18
0
2.00863e-18
-1.46082e-18
-5.47807e-19
1.64342e-18
-1.27822e-18
3.65205e-19
1.46082e-18
-1.46082e-18
3.65205e-19
1.64342e-18
-1.46082e-18
0
2.00863e-18
-1.46082e-18
-5.47807e-19
1.64342e-18
-1.27822e-18
3.65205e-19
1.46082e-18
-1.46082e-18
3.65205e-19
1.64342e-18
-1.46082e-18
0
2.00863e-18
-1.46082e-18
-5.47807e-19
1.64342e-18
-1.27822e-18
3.65205e-19
1.46082e-18
-1.46082e-18
3.65205e-19
1.64342e-18
-1.46082e-18
0
2.00863e-18
-1.46082e-18
-5.47807e-19
1.64342e-18
-1.27822e-18
3.65205e-19
1.46082e-18
-1.46082e-18
3.65205e-19
1.64342e-18
-1.46082e-18
0
2.00863e-18
-1.46082e-18
-5.47807e-19
1.64342e-18
-1.27822e-18
3.65205e-19
1.46082e-18
-1.46082e-18
3.65205e-19
1.64342e-18
-1.46082e-18
0
2.00863e-18
-1.46082e-18
-5.47807e-19
1.64342e-18
-1.27822e-18
3.65205e-19
1.46082e-18
-1.46082e-18
3.65205e-19
1.64342e-18
-1.46082e-18
0
2.00863e-18
-1.46082e-18
-5.47807e-19
1.64342e-18
-1.27822e-18
3.65205e-19
1.46082e-18
-1.46082e-18
3.65205e-19
1.64342e-18
-1.46082e-18
0
2.00863e-18
-1.46082e-18
-5.47807e-19
1.64342e-18
-1.27822e-18
3.65205e-19
1.46082e-18
-1.46082e-18
3.65205e-19
1.64342e-18
-1.46082e-18
0
2.00863e-18
-1.46082e-18
-5.47807e-19
1.64342e-18
-1.27822e-18
3.65205e-19
1.46082e-18
-1.46082e-18
3.65205e-19
1.64342e-18
-1.46082e-18
0
2.00863e-18
-1.46082e-18
-5.47807e-19
1.64342e-18
-1.27822e-18
3.65205e-19
1.46082e-18
-1.46082e-18
3.65205e-19
1.64342e-18
-1.46082e-18
0
2.00863e-18
-1.46082e-18
-5.47807e-19
1.64342e-18
-1.27822e-18
3.65205e-19
1.46082e-18
-1.46082e-18
3.65205e-19
1.64342e-18
-1.46082e-18
0
2.00863e-18
-1.46082e-18
-5.47807e-19
1.64342e-18
-1.27822e-18
3.65205e-19
1.46082e-18
-1.46082e-18
3.65205e-19
1.64342e-18
-1.46082e-18
0
2.00863e-18
-1.46082e-18
-5.47807e-19
1.64342e-18
-1.27822e-18
3.65205e-19
1.46082e-18
-1.46082e-18
3.65205e-19
1.64342e-18
-1.46082e-18
0
2.00863e-18
-1.46082e-18
-5.47807e-19
1.64342e-18
-1.27822e-18
3.65205e-19
1.46082e-18
-1.46082e-18
3.65205e-19
1.64342e-18
-1.46082e-18
0
2.00863e-18
-1.46082e-18
-5.47807e-19
1.64342e-18
-1.27822e-18
3.65205e-19
1.46082e-18
-1.46082e-18
3.65205e-19
1.64342e-18
-1.46082e-18
0
2.00863e-18
-1.46082e-18
-5.47807e-19
1.64342e-18
-1.27822e-18
3.65205e-19
1.46082e-18
-1.46082e-18
3.65205e-19
1.64342e-18
-1.46082e-18
0
2.00863e-18
-1.46082e-18
-5.47807e-19
1.64342e-18
-1.27822e-18
3.65205e-19
1.46082e-18
-1.46082e-18
3.65205e-19
1.64342e-18
-1.46082e-18
0
2.00863e-18
-1.46082e-18
-5.47807e-19
1.64342e-18
-1.27822e-18
3.65205e-19
1.46082e-18
-1.46082e-18
3.65205e-19
1.64342e-18
-1.46082e-18
