0
0.0025
400
0
1.02487,184.165,81284.6,0.55268
1.02324,184.897,81100.8,0.555063
1.02239,185.414,81008.2,0.556701
1.02146,185.955,80905.3,0.558428
1.02055,186.49,80803.8,0.560135
1.01962,187.028,80701.3,0.561853
1.01869,187.567,80598.5,0.563574
1.01776,188.108,80495.2,0.565301
1.01682,188.649,80391.4,0.567034
1.01588,189.192,80287.1,0.568771
1.01493,189.737,80182.3,0.570514
1.01398,190.282,80077.1,0.572263
1.01303,190.83,79971.5,0.574016
1.01206,191.378,79865.3,0.575776
1.0111,191.928,79758.7,0.57754
1.01013,192.479,79651.7,0.57931
1.00916,193.032,79544.1,0.581085
1.00818,193.586,79436.1,0.582866
1.00719,194.141,79327.7,0.584652
1.0062,194.698,79218.7,0.586443
1.00521,195.256,79109.3,0.58824
1.00421,195.815,78999.4,0.590042
1.00321,196.376,78889.1,0.59185
1.00221,196.938,78778.2,0.593663
1.00119,197.501,78666.9,0.595481
1.00018,198.066,78555.2,0.597305
0.999157,198.632,78442.9,0.599134
0.998131,199.199,78330.2,0.600969
0.997101,199.768,78217.1,0.602809
0.996066,200.338,78103.4,0.604655
0.995026,200.909,77989.3,0.606506
0.993981,201.482,77874.7,0.608363
0.992932,202.056,77759.6,0.610225
0.991878,202.631,77644.1,0.612093
0.990819,203.208,77528.1,0.613966
0.989756,203.786,77411.6,0.615845
0.988688,204.365,77294.7,0.617729
0.987615,204.946,77177.2,0.619618
0.986537,205.528,77059.4,0.621513
0.985454,206.111,76941,0.623414
0.984367,206.696,76822.2,0.62532
0.983275,207.281,76702.9,0.627232
0.982178,207.869,76583.1,0.629149
0.981076,208.457,76462.8,0.631071
0.979969,209.047,76342.1,0.633
0.978858,209.638,76221,0.634933
0.977742,210.23,76099.3,0.636873
0.976621,210.824,75977.2,0.638817
0.975495,211.419,75854.6,0.640768
0.974364,212.015,75731.6,0.642724
0.973229,212.612,75608,0.644685
0.972089,213.211,75484,0.646652
0.970944,213.811,75359.6,0.648625
0.969794,214.412,75234.7,0.650603
0.968639,215.015,75109.3,0.652586
0.96748,215.618,74983.5,0.654576
0.966315,216.223,74857.1,0.65657
0.965146,216.83,74730.4,0.658571
0.963972,217.437,74603.1,0.660577
0.962793,218.046,74475.5,0.662588
0.96161,218.656,74347.3,0.664605
0.960421,219.267,74218.7,0.666628
0.959228,219.879,74089.6,0.668656
0.95803,220.493,73960.1,0.67069
0.956827,221.108,73830.1,0.672729
0.955619,221.724,73699.7,0.674774
0.954406,222.341,73568.8,0.676824
0.953189,222.96,73437.4,0.67888
0.951967,223.579,73305.6,0.680942
0.95074,224.2,73173.4,0.683009
0.949508,224.822,73040.7,0.685082
0.948271,225.446,72907.5,0.68716
0.94703,226.07,72773.9,0.689244
0.945783,226.696,72639.9,0.691334
0.944532,227.323,72505.4,0.693429
0.943276,227.951,72370.5,0.695529
0.942016,228.58,72235.1,0.697635
0.94075,229.21,72099.3,0.699747
0.93948,229.841,71963,0.701865
0.938205,230.474,71826.3,0.703987
0.936925,231.108,71689.2,0.706116
0.935641,231.743,71551.7,0.70825
0.934351,232.379,71413.7,0.71039
0.933057,233.016,71275.2,0.712535
0.931759,233.654,71136.4,0.714686
0.930455,234.293,70997.1,0.716842
0.929147,234.934,70857.4,0.719004
0.927834,235.575,70717.2,0.721171
0.926516,236.218,70576.7,0.723344
0.925194,236.862,70435.7,0.725522
0.923867,237.507,70294.3,0.727707
0.922535,238.152,70152.5,0.729896
0.921199,238.799,70010.2,0.732091
0.919858,239.447,69867.6,0.734292
0.918512,240.097,69724.5,0.736498
0.917162,240.747,69581.1,0.73871
0.915806,241.398,69437.2,0.740927
0.914447,242.05,69292.9,0.74315
0.913083,242.703,69148.2,0.745378
0.911714,243.358,69003.1,0.747612
0.91034,244.013,68857.6,0.749851
0.908962,244.669,68711.8,0.752096
0.90758,245.327,68565.5,0.754346
0.906193,245.985,68418.8,0.756602
0.904801,246.644,68271.8,0.758863
0.903405,247.305,68124.3,0.76113
0.902004,247.966,67976.5,0.763402
0.900599,248.628,67828.3,0.765679
0.899189,249.292,67679.7,0.767963
0.897775,249.956,67530.7,0.770251
0.896356,250.621,67381.4,0.772545
0.894933,251.287,67231.7,0.774845
0.893506,251.954,67081.6,0.777149
0.892074,252.622,66931.1,0.77946
0.890638,253.291,66780.3,0.781775
0.889197,253.961,66629.1,0.784097
0.887752,254.631,66477.6,0.786423
0.886303,255.303,66325.7,0.788755
0.884849,255.976,66173.5,0.791092
0.883391,256.649,66020.9,0.793435
0.881929,257.323,65867.9,0.795783
0.880462,257.998,65714.6,0.798137
0.878992,258.674,65561,0.800495
0.877517,259.351,65407,0.802859
0.876038,260.029,65252.7,0.805229
0.874554,260.707,65098.1,0.807604
0.873067,261.387,64943.2,0.809984
0.871575,262.067,64787.9,0.812369
0.870079,262.748,64632.3,0.81476
0.86858,263.429,64476.3,0.817156
0.867076,264.112,64320.1,0.819557
0.865568,264.795,64163.5,0.821964
0.864056,265.479,64006.7,0.824376
0.862539,266.164,63849.5,0.826793
0.861019,266.85,63692,0.829215
0.859495,267.536,63534.3,0.831643
0.857967,268.224,63376.2,0.834075
0.856436,268.911,63217.8,0.836513
0.8549,269.6,63059.2,0.838957
0.85336,270.289,62900.2,0.841405
0.851817,270.979,62741,0.843858
0.850269,271.67,62581.5,0.846317
0.848718,272.362,62421.8,0.848781
0.847163,273.054,62261.7,0.85125
0.845605,273.746,62101.4,0.853724
0.844043,274.44,61940.8,0.856203
0.842477,275.134,61780,0.858688
0.840907,275.829,61618.9,0.861177
0.839334,276.524,61457.6,0.863671
0.837757,277.22,61296,0.866171
0.836176,277.917,61134.1,0.868676
0.834592,278.614,60972.1,0.871185
0.833005,279.312,60809.8,0.8737
0.831413,280.01,60647.2,0.876219
0.829819,280.709,60484.4,0.878744
0.828221,281.409,60321.4,0.881274
0.82662,282.109,60158.2,0.883808
0.825015,282.809,59994.8,0.886348
0.823407,283.511,59831.1,0.888892
0.821795,284.212,59667.3,0.891442
0.820181,284.915,59503.2,0.893996
0.818563,285.617,59338.9,0.896555
0.816942,286.321,59174.5,0.899119
0.815317,287.025,59009.8,0.901688
0.81369,287.729,58845,0.904262
0.812059,288.434,58679.9,0.90684
0.810425,289.139,58514.7,0.909424
0.808788,289.844,58349.3,0.912012
0.807149,290.551,58183.8,0.914605
0.805506,291.257,58018,0.917202
0.80386,291.964,57852.1,0.919805
0.802211,292.671,57686.1,0.922412
0.80056,293.379,57519.9,0.925024
0.798905,294.087,57353.5,0.927641
0.797248,294.796,57187,0.930262
0.795588,295.505,57020.4,0.932888
0.793925,296.214,56853.6,0.935519
0.792259,296.924,56686.7,0.938154
0.790591,297.634,56519.7,0.940794
0.78892,298.344,56352.5,0.943438
0.787246,299.055,56185.2,0.946087
0.78557,299.766,56017.8,0.948741
0.783892,300.477,55850.3,0.951399
0.78221,301.189,55682.7,0.954061
0.780527,301.9,55514.9,0.956728
0.778841,302.613,55347.1,0.9594
0.777152,303.325,55179.2,0.962076
0.775461,304.038,55011.2,0.964757
0.773768,304.75,54843.1,0.967441
0.772073,305.464,54674.9,0.970131
0.770375,306.177,54506.7,0.972825
0.768675,306.89,54338.4,0.975523
0.766973,307.604,54170,0.978225
0.765269,308.318,54001.6,0.980932
0.763562,309.032,53833.1,0.983643
0.761854,309.746,53664.5,0.986358
0.760143,310.461,53495.9,0.989077
0.758433,311.175,53327.4,0.991801
0.756716,311.89,53158.6,0.994528
0.755007,312.604,52990.3,0.997259
0.753281,313.32,52821,0.999999
0.751561,314.035,52652.3,1.00274
0.749839,314.75,52483.5,1.00548
0.748115,315.466,52314.7,1.00823
0.74639,316.181,52145.8,1.01099
0.744663,316.897,51977,1.01374
0.742935,317.612,51808.2,1.0165
0.741205,318.328,51639.3,1.01927
0.739473,319.043,51470.5,1.02204
0.73774,319.759,51301.7,1.02481
0.736005,320.475,51132.9,1.02759
0.734269,321.19,50964.1,1.03037
0.732531,321.906,50795.3,1.03316
0.730792,322.621,50626.6,1.03595
0.729052,323.337,50457.9,1.03874
0.727311,324.053,50289.2,1.04153
0.725568,324.768,50120.6,1.04434
0.723824,325.483,49952,1.04714
0.722079,326.199,49783.5,1.04995
0.720333,326.914,49615.1,1.05276
0.718586,327.629,49446.7,1.05558
0.716837,328.344,49278.3,1.0584
0.715088,329.059,49110,1.06122
0.713338,329.774,48941.8,1.06405
0.711587,330.489,48773.7,1.06688
0.709835,331.204,48605.7,1.06971
0.708082,331.918,48437.7,1.07255
0.706328,332.633,48269.9,1.07539
0.704574,333.347,48102.1,1.07823
0.702819,334.061,47934.5,1.08108
0.701063,334.775,47766.9,1.08394
0.699307,335.488,47599.5,1.08679
0.69755,336.201,47432.1,1.08965
0.695793,336.915,47264.9,1.09251
0.694035,337.628,47097.8,1.09538
0.692276,338.34,46930.8,1.09825
0.690518,339.053,46764,1.10112
0.688759,339.765,46597.3,1.104
0.686999,340.477,46430.7,1.10688
0.685239,341.189,46264.3,1.10976
0.683479,341.9,46098,1.11264
0.681719,342.611,45931.9,1.11553
0.679959,343.322,45766,1.11843
0.678198,344.032,45600.1,1.12132
0.676437,344.742,45434.5,1.12422
0.674677,345.452,45269,1.12712
0.672916,346.162,45103.7,1.13003
0.671155,346.871,44938.6,1.13294
0.669395,347.579,44773.6,1.13585
0.667634,348.288,44608.9,1.13876
0.665874,348.996,44444.3,1.14168
0.664114,349.703,44279.9,1.1446
0.662354,350.411,44115.7,1.14752
0.660595,351.117,43951.7,1.15045
0.658835,351.824,43788,1.15338
0.657076,352.53,43624.4,1.15631
0.655318,353.235,43461,1.15925
0.65356,353.94,43297.9,1.16218
0.651802,354.645,43134.9,1.16513
0.650045,355.349,42972.2,1.16807
0.648289,356.053,42809.8,1.17102
0.646533,356.756,42647.5,1.17397
0.644777,357.458,42485.5,1.17692
0.643023,358.161,42323.7,1.17987
0.641269,358.862,42162.2,1.18283
0.639515,359.563,42000.9,1.18579
0.637763,360.264,41839.8,1.18875
0.636011,360.964,41679.1,1.19172
0.634261,361.664,41518.5,1.19469
0.632511,362.363,41358.3,1.19766
0.630762,363.061,41198.2,1.20063
0.629014,363.759,41038.5,1.20361
0.627267,364.456,40879,1.20658
0.625521,365.153,40719.8,1.20956
0.623776,365.849,40560.9,1.21255
0.622033,366.544,40402.3,1.21553
0.62029,367.239,40243.9,1.21852
0.618549,367.934,40085.8,1.22151
0.616809,368.627,39928,1.2245
0.61507,369.32,39770.5,1.2275
0.613333,370.013,39613.3,1.23049
0.611596,370.704,39456.4,1.23349
0.609862,371.395,39299.9,1.2365
0.608128,372.086,39143.6,1.2395
0.606396,372.775,38987.6,1.24251
0.604666,373.464,38831.9,1.24551
0.602937,374.153,38676.6,1.24852
0.60121,374.84,38521.5,1.25154
0.599484,375.527,38366.8,1.25455
0.59776,376.213,38212.4,1.25757
0.596037,376.899,38058.3,1.26059
0.594316,377.584,37904.6,1.26361
0.592597,378.268,37751.2,1.26663
0.59088,378.951,37598.1,1.26965
0.589164,379.633,37445.4,1.27268
0.587451,380.315,37293,1.27571
0.585739,380.996,37140.9,1.27874
0.584029,381.676,36989.2,1.28177
0.582321,382.356,36837.8,1.28481
0.580615,383.034,36686.8,1.28784
0.578911,383.712,36536.2,1.29088
0.577208,384.389,36385.9,1.29392
0.575508,385.065,36235.9,1.29696
0.57381,385.741,36086.3,1.3
0.572114,386.415,35937.1,1.30305
0.570421,387.089,35788.2,1.30609
0.568729,387.762,35639.8,1.30914
0.56704,388.434,35491.6,1.31219
0.565353,389.105,35343.9,1.31524
0.563668,389.776,35196.5,1.3183
0.561985,390.445,35049.5,1.32135
0.560305,391.114,34902.9,1.32441
0.558627,391.782,34756.6,1.32746
0.556951,392.449,34610.8,1.33052
0.555278,393.115,34465.3,1.33358
0.553608,393.78,34320.2,1.33664
0.551939,394.444,34175.5,1.33971
0.550273,395.107,34031.2,1.34277
0.54861,395.77,33887.3,1.34584
0.546949,396.431,33743.7,1.3489
0.545291,397.092,33600.6,1.35197
0.543636,397.75,33458,1.35503
0.541981,398.416,33314.9,1.35814
1.0082,205.183,79722.8,0.616679
0.88632,242.497,67197.1,0.744324
0.880287,244.17,66561.7,0.75046
0.882506,243.277,66796.6,0.747342
0.884091,242.519,66962.9,0.744756
0.885697,241.734,67132.8,0.742077
0.887266,240.957,67299.2,0.739431
0.888825,240.183,67464.8,0.736796
0.89037,239.413,67629.1,0.734178
0.891904,238.647,67792.2,0.731577
0.893427,237.885,67954.3,0.728993
0.894938,237.127,68115.3,0.726424
0.896438,236.372,68275.2,0.723871
0.897928,235.622,68434.1,0.721334
0.899407,234.875,68592,0.718811
0.900875,234.132,68748.8,0.716304
0.902334,233.393,68904.6,0.71381
0.903782,232.657,69059.5,0.711331
0.90522,231.924,69213.4,0.708866
0.906648,231.195,69366.4,0.706415
0.908067,230.469,69518.4,0.703977
0.909476,229.747,69669.5,0.701552
0.910876,229.028,69819.7,0.699141
0.912267,228.311,69968.9,0.696742
0.913649,227.598,70117.3,0.694356
0.915021,226.889,70264.8,0.691982
0.916385,226.182,70411.5,0.689621
0.917739,225.478,70557.3,0.687272
0.919086,224.777,70702.2,0.684934
0.920423,224.079,70846.3,0.682608
0.921752,223.383,70989.6,0.680294
0.923073,222.691,71132,0.677992
0.924385,222.002,71273.6,0.6757
0.925689,221.315,71414.4,0.67342
0.926986,220.631,71554.5,0.671151
0.928274,219.949,71693.7,0.668892
0.929554,219.271,71832.2,0.666644
0.930826,218.595,71969.8,0.664407
0.93209,217.921,72106.7,0.662181
0.933347,217.25,72242.9,0.659964
0.934596,216.582,72378.3,0.657758
0.935838,215.916,72512.9,0.655562
0.937072,215.253,72646.8,0.653376
0.938298,214.592,72780,0.6512
0.939518,213.934,72912.4,0.649034
0.94073,213.278,73044.1,0.646877
0.941934,212.625,73175.1,0.64473
0.943132,211.973,73305.4,0.642593
0.944322,211.325,73435,0.640464
0.945506,210.678,73563.8,0.638346
0.946682,210.034,73692,0.636236
0.947851,209.393,73819.5,0.634136
0.949014,208.753,73946.3,0.632044
0.95017,208.116,74072.4,0.629962
0.951319,207.481,74197.8,0.627889
0.952461,206.849,74322.5,0.625824
0.953596,206.218,74446.6,0.623768
0.954725,205.59,74570,0.621721
0.955847,204.964,74692.8,0.619682
0.956963,204.34,74814.9,0.617652
0.958072,203.719,74936.3,0.615631
0.959175,203.099,75057.1,0.613617
0.960272,202.482,75177.2,0.611613
0.961362,201.867,75296.8,0.609616
0.962445,201.254,75415.6,0.607628
0.963523,200.643,75533.8,0.605648
0.964594,200.034,75651.4,0.603675
0.965659,199.427,75768.4,0.601711
0.966718,198.822,75884.8,0.599755
0.967771,198.22,76000.5,0.597807
0.968818,197.619,76115.6,0.595867
0.969857,197.021,76230,0.593936
0.970889,196.425,76343.2,0.592014
0.971899,195.839,76456,0.590119
0.972878,195.252,76558.6,0.588254
0.973655,194.774,76663,0.586648
0.974104,194.232,76697.7,0.585016
